1,297,1091.00,228.80,216.91,449.28,1,3,-1,-1
1,296,1401.92,533.94,125.64,82.04,1,3,-1,-1
1,295,1004.06,228.30,391.28,452.27,1,3,-1,-1
2,296,1409.65,538.72,129.83,80.42,1,3,-1,-1
2,295,1009.63,229.72,390.72,455.01,1,3,-1,-1
3,296,1414.36,538.91,129.00,79.86,1,3,-1,-1
3,295,1009.75,229.66,390.55,454.92,1,3,-1,-1
4,296,1415.59,540.61,130.92,78.88,1,3,-1,-1
4,295,1008.69,230.02,395.07,455.02,1,3,-1,-1
5,297,1096.58,232.60,214.66,456.46,1,3,-1,-1
5,296,1413.57,541.62,133.23,79.51,1,3,-1,-1
5,295,1011.09,231.52,391.71,459.54,1,3,-1,-1
6,296,1411.62,541.54,137.46,80.33,1,3,-1,-1
6,295,1009.54,231.78,389.34,458.54,1,3,-1,-1
7,296,1409.45,543.64,143.48,82.82,1,3,-1,-1
7,295,1010.23,233.09,386.38,460.73,1,3,-1,-1
8,296,1405.88,543.96,152.19,83.49,1,3,-1,-1
8,295,1010.63,235.27,385.90,467.19,1,3,-1,-1
9,296,1403.76,544.09,156.87,83.69,1,3,-1,-1
9,295,1010.85,235.48,385.68,467.26,1,3,-1,-1
10,296,1394.97,544.15,157.52,81.30,1,3,-1,-1
10,295,994.94,238.03,403.89,470.69,1,3,-1,-1
11,296,1387.30,543.99,158.19,79.16,1,3,-1,-1
11,295,974.27,240.77,446.17,473.38,1,3,-1,-1
12,296,1385.60,544.04,168.50,80.43,1,3,-1,-1
12,295,972.52,240.69,437.64,475.09,1,3,-1,-1
13,296,1376.68,543.13,167.81,81.78,1,3,-1,-1
13,295,974.70,245.78,372.15,485.24,1,3,-1,-1
14,296,1377.67,544.22,186.98,84.18,1,3,-1,-1
14,295,976.25,245.42,359.89,486.54,1,3,-1,-1
15,296,1372.08,543.88,198.56,84.76,1,3,-1,-1
15,295,973.84,245.59,365.12,487.34,1,3,-1,-1
16,296,1360.36,542.03,196.11,87.97,1,3,-1,-1
16,295,957.09,246.43,347.57,491.20,1,3,-1,-1
17,296,1343.22,543.09,183.04,83.89,1,3,-1,-1
18,296,1338.76,543.03,198.22,86.22,1,3,-1,-1
19,296,1320.91,544.62,178.04,88.20,1,3,-1,-1
20,296,1306.49,544.59,169.40,82.33,1,3,-1,-1
21,296,1299.08,544.42,177.22,81.46,1,3,-1,-1
22,296,1286.12,543.69,169.76,81.68,1,3,-1,-1
23,296,1277.81,544.33,173.85,88.53,1,3,-1,-1
24,296,1272.49,543.61,181.26,90.25,1,3,-1,-1
25,296,1264.68,544.63,188.75,91.82,1,3,-1,-1
26,296,1254.55,543.87,184.35,89.83,1,3,-1,-1
27,296,1240.78,543.98,177.40,88.14,1,3,-1,-1
27,295,854.97,252.56,320.90,484.99,1,3,-1,-1
28,296,1232.79,542.22,182.54,89.23,1,3,-1,-1
28,295,851.02,254.04,330.96,483.12,1,3,-1,-1
29,296,1218.56,542.89,173.50,90.56,1,3,-1,-1
29,295,841.89,253.22,321.91,486.17,1,3,-1,-1
30,296,1206.01,544.31,172.97,89.96,1,3,-1,-1
31,296,1194.16,545.00,168.95,88.97,1,3,-1,-1
32,296,1185.84,546.01,172.21,89.12,1,3,-1,-1
33,296,1175.12,546.41,171.85,87.70,1,3,-1,-1
34,297,837.11,253.17,223.09,491.96,1,3,-1,-1
34,296,1172.39,545.66,191.85,91.06,1,3,-1,-1
35,297,835.91,252.36,224.78,489.71,1,3,-1,-1
35,296,1159.24,545.13,184.81,89.20,1,3,-1,-1
36,297,825.32,252.10,215.60,486.80,1,3,-1,-1
36,296,1144.23,547.43,175.02,84.75,1,3,-1,-1
37,297,820.20,259.61,225.79,479.57,1,3,-1,-1
37,296,1134.65,546.21,164.77,86.27,1,3,-1,-1
38,297,813.91,252.63,200.68,490.40,1,3,-1,-1
38,296,1128.06,546.25,156.06,91.90,1,3,-1,-1
39,297,814.19,252.24,198.53,491.89,1,3,-1,-1
39,296,1126.60,546.84,154.03,92.08,1,3,-1,-1
40,297,815.29,251.74,198.32,490.77,1,3,-1,-1
40,296,1124.85,546.35,149.96,92.16,1,3,-1,-1
41,297,817.26,248.98,194.19,487.83,1,3,-1,-1
41,296,1126.18,546.55,148.46,92.89,1,3,-1,-1
42,297,818.43,247.56,202.09,485.93,1,3,-1,-1
42,296,1127.76,546.85,144.50,93.37,1,3,-1,-1
43,297,818.88,248.44,204.82,484.34,1,3,-1,-1
43,296,1131.24,547.24,146.54,93.83,1,3,-1,-1
44,297,823.74,246.29,208.58,482.68,1,3,-1,-1
44,296,1135.69,547.17,145.00,93.77,1,3,-1,-1
45,297,826.21,245.00,213.97,482.59,1,3,-1,-1
45,296,1142.04,547.17,145.49,93.60,1,3,-1,-1
46,297,826.86,245.80,219.93,484.66,1,3,-1,-1
46,296,1147.04,547.63,142.46,94.14,1,3,-1,-1
47,297,829.72,243.52,228.08,479.13,1,3,-1,-1
47,296,1152.83,545.96,138.65,95.22,1,3,-1,-1
48,297,841.77,242.12,221.76,474.34,1,3,-1,-1
48,296,1159.52,543.08,137.67,88.10,1,3,-1,-1
49,297,842.66,241.03,227.21,475.66,1,3,-1,-1
49,296,1166.82,541.88,137.92,90.78,1,3,-1,-1
50,297,855.43,235.46,214.53,463.72,1,3,-1,-1
50,296,1173.14,541.18,138.80,90.43,1,3,-1,-1
51,297,863.92,233.98,219.29,460.58,1,3,-1,-1
51,296,1180.65,539.72,138.66,92.10,1,3,-1,-1
52,297,865.62,232.70,224.70,458.50,1,3,-1,-1
52,296,1191.42,537.45,138.60,90.33,1,3,-1,-1
53,297,870.73,232.55,235.10,459.56,1,3,-1,-1
53,296,1200.65,535.28,134.78,92.34,1,3,-1,-1
54,297,882.91,228.02,225.42,450.17,1,3,-1,-1
54,296,1207.87,531.47,137.47,89.03,1,3,-1,-1
55,297,892.22,225.59,232.30,443.07,1,3,-1,-1
55,296,1216.35,529.43,135.84,87.78,1,3,-1,-1
56,297,907.69,225.05,223.84,441.47,1,3,-1,-1
56,296,1226.01,525.06,136.46,83.70,1,3,-1,-1
57,297,909.58,225.31,231.95,443.24,1,3,-1,-1
57,296,1236.53,522.59,133.49,84.62,1,3,-1,-1
58,297,912.92,223.58,248.92,441.70,1,3,-1,-1
58,296,1246.55,521.77,134.34,87.66,1,3,-1,-1
59,297,911.40,222.74,253.94,439.81,1,3,-1,-1
59,296,1257.10,517.79,132.61,86.15,1,3,-1,-1
60,297,930.02,219.85,237.29,435.77,1,3,-1,-1
60,296,1269.03,517.20,136.32,91.31,1,3,-1,-1
61,297,931.20,219.67,249.57,434.63,1,3,-1,-1
61,296,1278.72,513.85,132.34,87.35,1,3,-1,-1
62,297,936.33,219.68,256.09,435.88,1,3,-1,-1
62,296,1289.67,512.17,136.14,92.76,1,3,-1,-1
63,297,955.08,221.50,228.11,439.74,1,3,-1,-1
63,296,1301.15,510.60,135.33,92.56,1,3,-1,-1
64,297,974.05,222.97,234.64,442.58,1,3,-1,-1
64,296,1311.63,509.73,134.88,93.86,1,3,-1,-1
65,297,992.29,220.45,212.12,432.99,1,3,-1,-1
65,296,1322.77,505.10,136.84,85.95,1,3,-1,-1
66,297,998.64,223.85,217.19,439.76,1,3,-1,-1
66,296,1335.06,503.77,136.79,85.87,1,3,-1,-1
67,297,1009.16,221.76,227.29,434.44,1,3,-1,-1
67,296,1347.28,504.63,136.23,87.76,1,3,-1,-1
68,297,1014.63,220.32,229.87,436.55,1,3,-1,-1
68,296,1356.96,505.49,139.40,91.14,1,3,-1,-1
69,297,1004.13,218.25,250.72,436.45,1,3,-1,-1
69,296,1366.61,504.91,134.82,88.95,1,3,-1,-1
70,297,1030.10,217.98,234.61,426.21,1,3,-1,-1
70,296,1377.37,503.57,135.98,85.48,1,3,-1,-1
71,297,1032.90,218.47,235.70,429.77,1,3,-1,-1
71,296,1388.22,503.62,129.04,86.77,1,3,-1,-1
72,297,1050.26,218.54,226.31,431.57,1,3,-1,-1
72,296,1398.03,504.01,135.63,88.27,1,3,-1,-1
73,297,1065.40,217.05,221.62,428.82,1,3,-1,-1
73,296,1406.70,506.42,132.53,89.47,1,3,-1,-1
74,297,1069.56,217.98,226.13,432.04,1,3,-1,-1
74,296,1416.44,508.02,138.39,87.71,1,3,-1,-1
75,297,1079.30,219.97,231.51,432.39,1,3,-1,-1
75,296,1424.38,505.54,130.39,86.32,1,3,-1,-1
76,297,1080.97,222.07,253.05,434.10,1,3,-1,-1
76,296,1433.84,507.47,134.53,86.72,1,3,-1,-1
77,298,1001.23,224.75,421.13,440.38,1,3,-1,-1
77,297,1096.85,224.19,231.52,440.08,1,3,-1,-1
77,296,1439.68,508.64,134.23,84.68,1,3,-1,-1
78,298,1001.60,226.43,429.06,440.86,1,3,-1,-1
78,297,1103.60,224.72,225.52,440.70,1,3,-1,-1
78,296,1443.96,510.34,133.21,84.11,1,3,-1,-1
79,297,1110.20,224.51,216.13,441.18,1,3,-1,-1
79,296,1450.27,511.45,131.19,89.04,1,3,-1,-1
80,297,1113.35,226.42,222.33,446.01,1,3,-1,-1
80,296,1457.36,515.03,137.09,92.63,1,3,-1,-1
81,297,1114.02,226.81,224.01,446.59,1,3,-1,-1
81,296,1461.18,516.50,133.06,92.60,1,3,-1,-1
82,297,1117.16,227.83,221.30,448.81,1,3,-1,-1
82,296,1462.68,520.25,135.86,91.27,1,3,-1,-1
83,297,1119.62,230.70,223.10,452.89,1,3,-1,-1
83,296,1461.59,519.84,136.04,89.79,1,3,-1,-1
84,297,1116.31,232.88,212.92,458.02,1,3,-1,-1
84,296,1458.54,521.70,145.03,90.41,1,3,-1,-1
85,297,1118.05,234.68,220.10,460.14,1,3,-1,-1
85,296,1455.20,524.96,149.14,90.01,1,3,-1,-1
86,297,1109.05,236.88,231.00,462.35,1,3,-1,-1
86,296,1450.00,527.06,154.23,89.14,1,3,-1,-1
87,297,1097.52,236.58,242.61,466.55,1,3,-1,-1
87,296,1444.88,529.68,160.58,87.57,1,3,-1,-1
88,297,1082.43,241.45,266.84,473.61,1,3,-1,-1
88,296,1441.65,531.56,167.00,88.34,1,3,-1,-1
89,297,1070.97,245.20,265.45,477.84,1,3,-1,-1
89,296,1435.07,532.74,168.32,86.34,1,3,-1,-1
90,297,1065.83,245.19,269.55,483.17,1,3,-1,-1
90,296,1428.22,534.78,169.46,87.77,1,3,-1,-1
91,297,1056.29,244.99,252.50,478.76,1,3,-1,-1
91,296,1415.64,534.85,163.71,87.53,1,3,-1,-1
92,297,1054.17,247.48,249.54,487.77,1,3,-1,-1
92,296,1411.39,535.70,167.80,85.53,1,3,-1,-1
93,297,1050.13,247.02,240.15,482.98,1,3,-1,-1
93,296,1404.51,536.43,169.65,86.34,1,3,-1,-1
94,297,1027.77,247.67,262.52,487.56,1,3,-1,-1
94,296,1399.20,537.67,175.64,86.28,1,3,-1,-1
95,297,1030.48,247.66,240.38,486.34,1,3,-1,-1
95,296,1386.23,537.76,164.97,87.71,1,3,-1,-1
96,297,1032.15,246.79,230.83,483.67,1,3,-1,-1
96,296,1380.38,539.55,166.33,87.28,1,3,-1,-1
97,297,1026.42,248.98,220.87,486.86,1,3,-1,-1
97,296,1374.21,540.83,170.23,92.13,1,3,-1,-1
98,297,1017.62,248.71,232.42,486.28,1,3,-1,-1
98,296,1363.79,542.04,160.82,87.18,1,3,-1,-1
99,297,1011.95,245.44,229.02,477.81,1,3,-1,-1
99,296,1356.73,543.66,161.47,91.04,1,3,-1,-1
100,297,1007.67,248.57,218.77,482.44,1,3,-1,-1
100,296,1354.51,545.94,166.63,91.30,1,3,-1,-1
101,297,1001.67,251.49,216.65,485.51,1,3,-1,-1
101,296,1348.34,547.71,164.62,91.23,1,3,-1,-1
102,297,979.02,252.33,248.87,491.30,1,3,-1,-1
102,296,1341.79,549.26,161.55,91.37,1,3,-1,-1
103,297,975.12,253.30,245.96,493.55,1,3,-1,-1
103,296,1336.57,550.95,159.81,94.41,1,3,-1,-1
104,297,974.49,253.46,236.67,487.28,1,3,-1,-1
104,296,1330.42,554.37,160.54,96.62,1,3,-1,-1
105,297,968.45,253.63,244.29,493.29,1,3,-1,-1
105,296,1322.42,556.30,151.94,96.36,1,3,-1,-1
106,297,965.95,257.20,247.62,500.64,1,3,-1,-1
106,296,1317.79,557.98,157.84,98.95,1,3,-1,-1
107,297,962.89,257.31,231.23,502.67,1,3,-1,-1
107,296,1313.65,561.69,158.69,96.41,1,3,-1,-1
108,297,949.79,254.13,258.59,499.02,1,3,-1,-1
108,296,1307.57,565.07,157.45,95.61,1,3,-1,-1
109,297,960.21,257.31,233.39,502.95,1,3,-1,-1
109,296,1304.08,569.71,158.80,96.27,1,3,-1,-1
110,297,957.60,256.22,234.72,501.39,1,3,-1,-1
110,296,1297.93,570.58,153.29,95.69,1,3,-1,-1
111,297,955.91,259.15,231.20,503.57,1,3,-1,-1
111,296,1294.60,573.76,155.92,96.77,1,3,-1,-1
112,297,954.93,258.47,236.59,503.75,1,3,-1,-1
112,296,1291.03,574.36,155.87,94.17,1,3,-1,-1
113,297,954.05,261.04,235.09,508.29,1,3,-1,-1
113,296,1288.95,576.39,157.60,96.23,1,3,-1,-1
114,297,949.49,260.86,229.88,509.13,1,3,-1,-1
114,296,1287.52,576.66,155.44,97.91,1,3,-1,-1
115,297,947.96,260.14,227.71,507.07,1,3,-1,-1
115,296,1285.39,577.42,159.12,97.74,1,3,-1,-1
116,297,945.01,259.09,224.85,507.57,1,3,-1,-1
116,296,1282.12,578.49,157.23,96.48,1,3,-1,-1
117,297,943.08,256.10,221.48,500.85,1,3,-1,-1
117,296,1279.42,577.67,155.96,95.45,1,3,-1,-1
118,297,943.57,256.56,220.72,502.40,1,3,-1,-1
118,296,1277.58,575.36,157.21,96.23,1,3,-1,-1
119,297,942.31,253.91,213.70,501.66,1,3,-1,-1
119,296,1275.84,569.01,151.20,101.82,1,3,-1,-1
120,297,938.76,252.54,214.04,497.97,1,3,-1,-1
120,296,1276.46,563.64,148.03,107.94,1,3,-1,-1
121,297,938.44,251.60,220.34,499.50,1,3,-1,-1
121,296,1276.99,545.66,149.00,97.86,1,3,-1,-1
122,297,935.29,241.65,215.81,477.66,1,3,-1,-1
122,296,1279.72,533.98,144.39,101.92,1,3,-1,-1
123,297,936.55,240.97,214.02,476.13,1,3,-1,-1
123,296,1283.73,515.40,146.48,98.91,1,3,-1,-1
124,297,943.45,230.97,212.40,458.11,1,3,-1,-1
124,296,1288.66,500.32,141.79,96.63,1,3,-1,-1
125,297,945.24,220.74,214.12,438.15,1,3,-1,-1
125,296,1293.92,485.98,144.36,98.29,1,3,-1,-1
126,297,946.15,209.44,216.91,413.79,1,3,-1,-1
126,296,1298.60,464.82,142.29,97.02,1,3,-1,-1
127,297,951.84,204.26,211.90,407.16,1,3,-1,-1
127,296,1302.81,448.39,146.75,98.51,1,3,-1,-1
128,297,953.11,177.43,219.09,353.04,1,3,-1,-1
128,296,1308.84,430.55,148.29,97.84,1,3,-1,-1
129,297,954.05,181.80,238.23,361.24,1,3,-1,-1
129,296,1313.75,412.50,146.38,96.93,1,3,-1,-1
130,297,964.73,175.44,218.86,348.84,1,3,-1,-1
130,296,1318.43,397.85,145.51,98.04,1,3,-1,-1
131,297,966.25,170.86,216.14,340.04,1,3,-1,-1
131,296,1322.56,387.16,146.11,101.35,1,3,-1,-1
132,297,967.41,169.38,215.73,337.94,1,3,-1,-1
132,296,1327.97,375.75,147.89,107.62,1,3,-1,-1
133,297,973.00,163.08,219.56,325.77,1,3,-1,-1
133,296,1330.21,364.89,147.75,102.81,1,3,-1,-1
134,297,967.46,150.87,221.61,301.74,1,3,-1,-1
134,296,1333.10,355.24,150.29,100.45,1,3,-1,-1
135,297,971.35,152.41,215.24,304.83,1,3,-1,-1
135,296,1333.61,350.51,153.78,106.45,1,3,-1,-1
136,297,971.87,144.22,210.99,288.44,1,3,-1,-1
136,296,1332.85,345.21,150.16,108.07,1,3,-1,-1
137,297,961.44,143.63,192.00,284.95,1,3,-1,-1
137,296,1332.13,341.40,155.56,110.09,1,3,-1,-1
138,297,974.73,141.53,224.76,280.28,1,3,-1,-1
138,296,1330.59,337.43,156.20,110.24,1,3,-1,-1
139,297,968.25,141.00,225.71,280.17,1,3,-1,-1
139,296,1330.10,334.45,159.04,111.20,1,3,-1,-1
140,297,963.00,141.81,230.80,282.50,1,3,-1,-1
140,296,1328.38,332.23,161.16,110.33,1,3,-1,-1
141,297,957.95,139.73,232.08,278.34,1,3,-1,-1
141,296,1327.23,331.68,163.39,111.86,1,3,-1,-1
142,297,951.35,141.15,232.23,280.51,1,3,-1,-1
142,296,1324.04,331.31,162.61,110.61,1,3,-1,-1
143,297,946.68,143.68,234.96,285.69,1,3,-1,-1
143,296,1321.36,331.05,167.35,110.74,1,3,-1,-1
144,297,943.22,144.34,233.10,286.28,1,3,-1,-1
144,296,1317.70,331.58,170.37,111.32,1,3,-1,-1
145,297,942.62,147.22,231.43,292.68,1,3,-1,-1
145,296,1314.11,331.90,167.94,112.70,1,3,-1,-1
146,297,941.37,149.59,235.38,297.57,1,3,-1,-1
146,296,1309.41,332.66,167.56,108.47,1,3,-1,-1
147,297,937.01,149.80,237.24,299.59,1,3,-1,-1
147,296,1303.86,333.45,168.77,105.61,1,3,-1,-1
148,297,933.04,152.34,232.15,304.54,1,3,-1,-1
148,296,1301.75,335.50,170.11,101.70,1,3,-1,-1
149,297,929.37,154.21,239.29,307.44,1,3,-1,-1
149,296,1297.44,337.50,172.13,100.98,1,3,-1,-1
150,297,928.54,153.80,234.93,307.60,1,3,-1,-1
150,296,1294.50,337.91,172.95,103.00,1,3,-1,-1
151,297,923.67,153.02,228.33,305.38,1,3,-1,-1
151,296,1289.85,338.13,169.04,103.79,1,3,-1,-1
152,297,918.16,155.04,235.20,307.50,1,3,-1,-1
152,296,1285.24,338.43,165.70,103.28,1,3,-1,-1
153,297,913.54,156.51,236.04,311.70,1,3,-1,-1
153,296,1283.60,338.78,167.62,103.15,1,3,-1,-1
154,297,912.43,154.61,232.99,306.96,1,3,-1,-1
154,296,1282.08,339.53,169.20,105.20,1,3,-1,-1
155,297,906.59,153.87,232.00,305.25,1,3,-1,-1
155,296,1280.48,339.60,170.30,106.43,1,3,-1,-1
156,297,904.76,154.25,235.84,306.13,1,3,-1,-1
156,296,1279.88,339.55,171.04,107.18,1,3,-1,-1
157,297,902.80,153.57,224.40,304.36,1,3,-1,-1
157,296,1279.11,339.01,170.11,108.64,1,3,-1,-1
158,297,903.66,154.11,225.93,305.03,1,3,-1,-1
158,296,1278.78,337.75,170.83,109.07,1,3,-1,-1
159,297,902.89,154.67,225.79,306.46,1,3,-1,-1
159,296,1278.09,337.49,168.74,109.17,1,3,-1,-1
160,297,904.68,154.26,222.82,305.42,1,3,-1,-1
160,296,1277.71,337.45,168.35,109.45,1,3,-1,-1
161,297,905.60,154.94,221.54,306.04,1,3,-1,-1
161,296,1278.11,337.68,168.74,110.71,1,3,-1,-1
162,297,905.25,155.11,222.14,306.26,1,3,-1,-1
162,296,1278.50,337.03,167.50,110.36,1,3,-1,-1
163,297,907.60,153.84,216.90,304.50,1,3,-1,-1
163,296,1278.61,336.69,167.17,111.03,1,3,-1,-1
164,297,907.58,154.04,219.47,304.74,1,3,-1,-1
164,296,1278.44,337.28,166.44,111.44,1,3,-1,-1
165,297,907.64,153.95,220.10,304.45,1,3,-1,-1
165,296,1278.97,338.16,167.03,110.70,1,3,-1,-1
166,297,907.90,153.94,222.76,306.50,1,3,-1,-1
166,296,1279.43,337.91,165.44,110.11,1,3,-1,-1
167,297,909.36,152.97,221.46,304.63,1,3,-1,-1
167,296,1279.99,337.84,166.37,110.69,1,3,-1,-1
168,297,909.49,154.04,220.98,304.43,1,3,-1,-1
168,296,1281.79,337.75,162.51,110.16,1,3,-1,-1
169,297,908.90,153.50,222.09,303.51,1,3,-1,-1
169,296,1282.56,338.22,162.77,111.08,1,3,-1,-1
170,297,911.01,153.19,223.67,303.40,1,3,-1,-1
170,296,1284.11,338.15,163.46,109.16,1,3,-1,-1
171,297,910.81,153.86,223.23,305.01,1,3,-1,-1
171,296,1285.35,338.79,160.14,108.80,1,3,-1,-1
172,297,911.57,154.25,226.68,305.79,1,3,-1,-1
172,296,1286.44,340.01,160.38,109.92,1,3,-1,-1
173,297,913.03,153.25,223.51,303.81,1,3,-1,-1
173,296,1286.24,340.10,159.66,109.15,1,3,-1,-1
174,297,917.12,153.71,216.33,304.93,1,3,-1,-1
174,296,1288.64,342.60,162.08,109.47,1,3,-1,-1
175,297,915.66,153.87,219.51,305.68,1,3,-1,-1
175,296,1289.65,345.94,161.14,109.67,1,3,-1,-1
176,297,915.76,153.48,219.86,304.70,1,3,-1,-1
176,296,1291.53,348.23,159.13,108.14,1,3,-1,-1
177,297,919.39,154.01,216.84,306.94,1,3,-1,-1
177,296,1292.85,350.50,161.05,102.81,1,3,-1,-1
178,297,920.17,154.87,216.84,308.81,1,3,-1,-1
178,296,1294.64,354.69,156.73,98.37,1,3,-1,-1
179,297,922.55,154.97,217.72,308.30,1,3,-1,-1
179,296,1296.30,358.01,154.91,96.65,1,3,-1,-1
180,297,925.33,155.99,216.11,310.67,1,3,-1,-1
180,296,1297.35,362.64,154.05,97.51,1,3,-1,-1
181,297,925.83,157.40,218.90,313.49,1,3,-1,-1
181,296,1299.29,366.67,152.86,98.60,1,3,-1,-1
182,297,928.93,160.74,221.50,320.13,1,3,-1,-1
182,296,1299.98,373.55,152.10,98.06,1,3,-1,-1
183,297,932.92,163.76,220.39,325.64,1,3,-1,-1
183,296,1301.82,380.86,153.05,97.47,1,3,-1,-1
184,297,934.44,168.66,223.41,335.60,1,3,-1,-1
184,296,1302.49,388.25,152.85,96.73,1,3,-1,-1
185,297,937.02,170.46,223.31,339.32,1,3,-1,-1
185,296,1306.08,400.62,153.68,95.98,1,3,-1,-1
186,297,937.56,172.95,233.76,344.26,1,3,-1,-1
186,296,1308.89,407.75,152.38,92.47,1,3,-1,-1
187,297,938.61,176.68,227.29,351.64,1,3,-1,-1
187,296,1310.90,416.01,150.63,98.49,1,3,-1,-1
188,297,948.33,178.52,223.80,354.42,1,3,-1,-1
188,296,1314.20,425.34,152.84,97.66,1,3,-1,-1
189,297,953.32,182.58,224.56,361.96,1,3,-1,-1
189,296,1315.87,434.18,148.92,95.60,1,3,-1,-1
190,297,951.72,184.70,227.78,367.05,1,3,-1,-1
190,296,1319.32,441.70,152.83,93.55,1,3,-1,-1
191,297,958.21,187.75,228.88,374.06,1,3,-1,-1
191,296,1321.94,449.38,150.92,93.02,1,3,-1,-1
192,297,963.84,192.06,222.95,382.06,1,3,-1,-1
192,296,1325.92,456.55,150.81,90.14,1,3,-1,-1
193,297,965.99,194.78,223.48,387.85,1,3,-1,-1
193,296,1329.29,462.10,151.98,94.09,1,3,-1,-1
194,297,972.15,196.45,227.22,390.40,1,3,-1,-1
194,296,1333.05,469.54,152.45,95.15,1,3,-1,-1
195,297,976.27,200.25,232.04,397.61,1,3,-1,-1
195,296,1337.86,476.09,153.30,95.84,1,3,-1,-1
196,297,979.82,201.45,229.32,399.90,1,3,-1,-1
196,296,1344.13,483.17,149.95,95.62,1,3,-1,-1
197,297,985.63,205.03,230.28,404.66,1,3,-1,-1
197,296,1348.62,487.92,150.22,96.87,1,3,-1,-1
198,297,986.39,205.41,228.19,404.59,1,3,-1,-1
198,296,1348.52,487.81,149.85,97.21,1,3,-1,-1
199,297,993.32,207.20,228.16,407.95,1,3,-1,-1
199,296,1350.54,494.09,151.25,99.14,1,3,-1,-1
200,297,1002.63,210.08,228.22,414.67,1,3,-1,-1
200,296,1357.84,498.25,147.62,96.84,1,3,-1,-1
201,297,1006.28,212.12,231.68,418.96,1,3,-1,-1
201,296,1364.06,503.79,146.91,96.11,1,3,-1,-1
202,297,1008.67,213.20,235.71,422.27,1,3,-1,-1
202,296,1369.71,509.77,145.25,97.14,1,3,-1,-1
203,297,1011.51,216.43,233.79,429.51,1,3,-1,-1
203,296,1374.20,514.29,148.59,95.73,1,3,-1,-1
204,297,1021.96,219.32,238.69,432.39,1,3,-1,-1
204,296,1382.56,520.63,144.78,94.37,1,3,-1,-1
205,297,1029.40,221.79,236.12,438.98,1,3,-1,-1
205,296,1389.20,528.02,146.09,94.07,1,3,-1,-1
206,297,1031.52,226.09,246.30,445.48,1,3,-1,-1
206,296,1395.97,533.33,142.87,93.72,1,3,-1,-1
207,297,1049.11,226.64,236.17,444.16,1,3,-1,-1
207,296,1402.62,538.93,142.56,90.72,1,3,-1,-1
208,297,1045.97,230.63,249.54,460.98,1,3,-1,-1
208,296,1417.53,549.70,143.95,87.86,1,3,-1,-1
209,297,1053.98,233.88,250.31,467.76,1,3,-1,-1
209,296,1424.67,554.83,140.73,89.55,1,3,-1,-1
210,297,1071.92,239.01,237.63,471.81,1,3,-1,-1
210,296,1433.53,560.11,142.94,92.49,1,3,-1,-1
211,297,1083.48,239.64,249.41,471.96,1,3,-1,-1
211,296,1445.21,565.83,142.71,88.52,1,3,-1,-1
212,297,1091.11,241.42,246.22,480.00,1,3,-1,-1
212,296,1455.90,570.67,139.61,87.81,1,3,-1,-1
213,297,1100.81,244.28,245.16,486.44,1,3,-1,-1
213,296,1467.21,574.84,139.58,85.24,1,3,-1,-1
214,297,1105.98,250.54,260.16,480.73,1,3,-1,-1
214,296,1477.42,582.61,137.69,87.62,1,3,-1,-1
215,297,1120.66,251.76,255.10,485.50,1,3,-1,-1
215,296,1490.35,588.59,137.14,85.59,1,3,-1,-1
216,297,1124.46,253.73,276.53,486.53,1,3,-1,-1
216,296,1503.36,594.81,135.62,85.64,1,3,-1,-1
217,297,1159.42,255.73,248.88,498.84,1,3,-1,-1
217,296,1516.30,599.56,136.77,86.16,1,3,-1,-1
218,297,1180.10,254.55,224.04,495.47,1,3,-1,-1
218,296,1529.55,604.36,132.24,86.46,1,3,-1,-1
219,297,1188.82,258.20,233.21,493.06,1,3,-1,-1
219,296,1543.81,609.04,133.32,84.68,1,3,-1,-1
220,297,1200.74,260.73,240.63,493.45,1,3,-1,-1
220,296,1556.72,616.13,131.91,89.26,1,3,-1,-1
221,297,1207.92,258.44,256.18,495.97,1,3,-1,-1
221,296,1570.33,622.06,132.09,91.72,1,3,-1,-1
222,297,1220.33,262.72,271.59,500.00,1,3,-1,-1
222,296,1584.32,625.44,133.49,90.33,1,3,-1,-1
223,297,1254.59,261.99,232.87,512.61,1,3,-1,-1
223,296,1600.03,631.15,132.55,98.34,1,3,-1,-1
224,297,1267.44,263.27,239.04,513.30,1,3,-1,-1
224,296,1615.40,630.66,133.99,99.44,1,3,-1,-1
225,297,1279.80,262.85,257.85,508.70,1,3,-1,-1
225,296,1631.26,631.47,135.96,100.97,1,3,-1,-1
226,297,1307.26,260.93,237.12,507.34,1,3,-1,-1
226,296,1646.63,627.13,138.20,99.20,1,3,-1,-1
227,297,1319.43,259.25,230.91,502.98,1,3,-1,-1
227,296,1661.87,624.55,135.93,96.97,1,3,-1,-1
228,297,1331.07,261.95,258.00,503.84,1,3,-1,-1
228,296,1678.46,620.84,135.00,96.54,1,3,-1,-1
229,297,1354.66,251.06,235.98,490.07,1,3,-1,-1
229,296,1692.01,616.56,129.56,95.20,1,3,-1,-1
230,297,1364.79,245.64,242.32,482.76,1,3,-1,-1
230,296,1707.36,612.11,131.27,95.43,1,3,-1,-1
231,297,1382.10,244.37,252.92,484.05,1,3,-1,-1
231,296,1723.50,606.20,130.54,91.21,1,3,-1,-1
232,297,1398.69,243.22,232.67,480.88,1,3,-1,-1
232,296,1736.04,603.16,131.25,91.86,1,3,-1,-1
233,297,1412.70,241.04,236.85,473.90,1,3,-1,-1
233,296,1744.85,600.17,133.52,92.80,1,3,-1,-1
234,297,1422.35,236.30,236.82,462.74,1,3,-1,-1
234,296,1755.04,598.41,128.57,95.93,1,3,-1,-1
235,297,1434.01,238.90,237.48,465.25,1,3,-1,-1
235,296,1765.51,596.44,129.06,95.20,1,3,-1,-1
236,297,1428.96,235.13,256.20,462.92,1,3,-1,-1
236,296,1773.25,593.64,127.98,93.94,1,3,-1,-1
237,297,1451.11,232.02,235.71,454.34,1,3,-1,-1
237,296,1779.97,592.72,126.31,96.45,1,3,-1,-1
238,297,1454.91,231.09,235.23,450.29,1,3,-1,-1
238,296,1789.48,592.00,129.69,99.99,1,3,-1,-1
239,297,1468.05,226.11,241.10,444.98,1,3,-1,-1
239,296,1796.21,588.81,128.03,95.98,1,3,-1,-1
240,297,1472.66,227.24,244.43,448.61,1,3,-1,-1
240,296,1802.30,586.99,125.06,97.63,1,3,-1,-1
241,297,1480.71,224.41,238.77,441.90,1,3,-1,-1
241,296,1807.21,584.26,127.07,94.90,1,3,-1,-1
242,297,1482.20,226.79,239.96,444.53,1,3,-1,-1
242,296,1810.95,582.60,124.92,97.53,1,3,-1,-1
243,297,1486.87,224.55,233.83,441.97,1,3,-1,-1
243,296,1814.14,582.72,123.99,99.31,1,3,-1,-1
244,297,1486.27,223.51,237.07,443.51,1,3,-1,-1
244,296,1818.28,581.55,127.33,100.38,1,3,-1,-1
245,297,1491.52,224.15,232.53,442.72,1,3,-1,-1
245,296,1822.27,577.61,126.29,93.27,1,3,-1,-1
246,297,1494.02,224.55,230.26,440.94,1,3,-1,-1
246,296,1825.46,575.88,124.75,97.10,1,3,-1,-1
247,297,1498.04,223.37,230.70,438.25,1,3,-1,-1
247,296,1825.56,573.69,132.36,96.13,1,3,-1,-1
248,297,1499.42,220.61,227.04,433.54,1,3,-1,-1
248,296,1826.59,573.93,130.01,94.29,1,3,-1,-1
249,297,1501.48,222.03,227.03,435.18,1,3,-1,-1
249,296,1829.21,574.10,125.11,99.58,1,3,-1,-1
250,297,1501.42,220.44,225.65,430.26,1,3,-1,-1
250,296,1831.95,572.43,130.34,98.65,1,3,-1,-1
251,297,1504.28,219.63,228.62,428.76,1,3,-1,-1
251,296,1833.15,573.13,134.10,101.53,1,3,-1,-1
252,297,1504.09,221.58,227.55,432.16,1,3,-1,-1
252,296,1837.29,573.05,130.96,100.74,1,3,-1,-1
253,297,1503.28,220.62,228.12,431.23,1,3,-1,-1
253,296,1837.79,572.36,131.98,102.84,1,3,-1,-1
254,297,1505.08,221.66,228.24,434.28,1,3,-1,-1
254,296,1839.56,569.52,131.21,103.28,1,3,-1,-1
255,297,1508.23,221.04,228.38,431.63,1,3,-1,-1
255,296,1840.29,569.17,133.71,104.50,1,3,-1,-1
256,297,1508.17,223.11,227.07,434.22,1,3,-1,-1
256,296,1842.47,566.40,130.46,103.54,1,3,-1,-1
257,297,1510.41,219.42,230.48,427.67,1,3,-1,-1
257,296,1844.16,564.10,128.36,105.35,1,3,-1,-1
258,297,1511.13,219.00,231.93,426.50,1,3,-1,-1
258,296,1845.03,563.13,130.64,105.93,1,3,-1,-1
259,297,1510.46,218.94,233.86,426.66,1,3,-1,-1
259,296,1845.93,561.10,131.58,102.69,1,3,-1,-1
260,297,1512.76,218.37,228.21,425.50,1,3,-1,-1
260,296,1847.13,560.47,132.50,103.71,1,3,-1,-1
261,297,1511.73,217.31,225.85,424.07,1,3,-1,-1
261,296,1848.40,559.84,132.27,103.79,1,3,-1,-1
262,297,1511.45,216.96,227.15,423.30,1,3,-1,-1
262,296,1848.26,558.25,132.66,102.53,1,3,-1,-1
263,297,1511.00,216.78,227.81,422.22,1,3,-1,-1
263,296,1849.63,556.72,131.24,103.49,1,3,-1,-1
264,297,1511.13,216.47,228.01,421.54,1,3,-1,-1
264,296,1850.10,555.70,133.50,104.16,1,3,-1,-1
265,297,1510.58,215.92,229.37,421.25,1,3,-1,-1
265,296,1849.59,554.54,133.69,102.63,1,3,-1,-1
266,297,1510.90,216.25,228.73,420.39,1,3,-1,-1
266,296,1849.62,553.70,132.24,107.94,1,3,-1,-1
267,297,1509.81,215.60,229.69,419.48,1,3,-1,-1
267,296,1850.54,550.88,130.70,103.37,1,3,-1,-1
268,297,1509.96,215.28,230.28,418.17,1,3,-1,-1
268,296,1850.72,550.53,129.92,103.53,1,3,-1,-1
269,297,1508.54,215.08,231.11,418.75,1,3,-1,-1
269,296,1851.44,549.52,131.00,106.44,1,3,-1,-1
270,297,1509.36,213.84,230.33,416.44,1,3,-1,-1
270,296,1852.31,547.82,131.29,103.89,1,3,-1,-1
271,297,1509.53,214.01,230.26,417.08,1,3,-1,-1
271,296,1851.05,546.96,132.74,103.69,1,3,-1,-1
272,297,1508.87,214.12,231.31,418.28,1,3,-1,-1
272,296,1852.53,545.09,129.33,103.05,1,3,-1,-1
273,297,1509.23,213.15,229.19,415.93,1,3,-1,-1
273,296,1852.54,545.02,130.16,102.98,1,3,-1,-1
274,297,1508.69,212.58,229.11,413.57,1,3,-1,-1
274,296,1853.23,544.68,129.63,105.23,1,3,-1,-1
275,297,1510.03,212.90,227.71,413.65,1,3,-1,-1
275,296,1853.09,543.96,129.42,105.38,1,3,-1,-1
276,297,1509.19,211.15,227.65,409.37,1,3,-1,-1
276,296,1853.25,541.42,128.38,103.41,1,3,-1,-1
277,297,1510.30,211.64,228.08,413.91,1,3,-1,-1
277,296,1852.84,538.62,128.73,102.03,1,3,-1,-1
278,297,1510.30,211.29,228.49,414.19,1,3,-1,-1
278,296,1853.45,538.69,129.19,103.05,1,3,-1,-1
279,297,1509.14,211.09,228.46,413.77,1,3,-1,-1
279,296,1853.43,536.96,129.22,101.68,1,3,-1,-1
280,297,1509.56,210.40,227.43,411.85,1,3,-1,-1
280,296,1853.25,535.86,130.13,101.76,1,3,-1,-1
281,297,1509.36,209.88,227.88,409.46,1,3,-1,-1
281,296,1853.24,534.27,129.58,103.01,1,3,-1,-1
282,297,1508.77,209.66,228.95,409.19,1,3,-1,-1
282,296,1853.12,533.23,128.26,101.03,1,3,-1,-1
283,297,1508.76,208.01,229.19,406.38,1,3,-1,-1
283,296,1852.11,532.65,126.77,103.94,1,3,-1,-1
284,297,1507.77,208.11,230.75,407.64,1,3,-1,-1
284,296,1852.30,531.57,127.61,105.75,1,3,-1,-1
285,297,1506.55,203.66,231.54,399.39,1,3,-1,-1
285,296,1852.18,530.41,128.43,107.03,1,3,-1,-1
286,297,1506.39,204.82,231.62,401.71,1,3,-1,-1
286,296,1851.93,526.35,129.04,106.04,1,3,-1,-1
287,297,1507.13,204.13,230.51,400.71,1,3,-1,-1
287,296,1852.26,525.33,128.96,104.58,1,3,-1,-1
288,297,1506.78,204.07,232.42,399.90,1,3,-1,-1
288,296,1852.59,524.97,128.23,106.66,1,3,-1,-1
289,297,1507.55,201.84,230.59,395.57,1,3,-1,-1
289,296,1852.34,522.72,130.00,104.65,1,3,-1,-1
290,297,1507.69,202.76,230.04,396.66,1,3,-1,-1
290,296,1852.57,521.49,131.29,106.46,1,3,-1,-1
291,297,1506.22,202.96,231.19,397.42,1,3,-1,-1
291,296,1852.53,520.69,133.09,105.58,1,3,-1,-1
292,297,1506.82,202.21,231.63,396.99,1,3,-1,-1
292,296,1852.68,519.43,132.97,104.94,1,3,-1,-1
293,297,1506.84,201.88,230.99,395.97,1,3,-1,-1
293,296,1853.31,518.37,131.16,106.27,1,3,-1,-1
294,297,1504.47,198.82,232.44,390.84,1,3,-1,-1
294,296,1852.75,517.41,132.90,107.64,1,3,-1,-1
295,297,1507.54,198.51,228.65,389.50,1,3,-1,-1
295,296,1852.54,514.65,131.68,103.77,1,3,-1,-1
296,297,1507.01,199.26,229.15,391.45,1,3,-1,-1
296,296,1852.22,513.90,133.32,105.21,1,3,-1,-1
297,297,1505.25,199.11,232.45,391.92,1,3,-1,-1
297,296,1852.41,512.54,132.68,105.92,1,3,-1,-1
298,297,1503.89,198.46,230.50,390.88,1,3,-1,-1
298,296,1852.47,512.82,132.42,106.82,1,3,-1,-1
299,297,1504.53,198.37,235.13,391.58,1,3,-1,-1
299,296,1851.88,511.14,133.96,106.71,1,3,-1,-1
300,297,1505.01,198.41,231.59,391.42,1,3,-1,-1
300,296,1851.82,510.68,133.92,107.63,1,3,-1,-1
301,297,1502.67,198.65,232.08,392.27,1,3,-1,-1
301,296,1851.83,509.20,133.66,105.96,1,3,-1,-1
302,297,1502.37,196.59,231.96,388.88,1,3,-1,-1
302,296,1852.48,508.86,132.18,106.35,1,3,-1,-1
303,297,1502.17,195.44,232.30,386.81,1,3,-1,-1
303,296,1852.66,506.48,132.21,103.80,1,3,-1,-1
304,297,1502.18,194.66,232.82,385.08,1,3,-1,-1
304,296,1852.17,505.48,132.34,105.36,1,3,-1,-1
305,297,1502.90,193.63,232.26,382.65,1,3,-1,-1
305,296,1851.17,502.55,131.79,103.69,1,3,-1,-1
306,297,1503.32,193.63,231.27,382.83,1,3,-1,-1
306,296,1851.27,501.28,134.02,102.79,1,3,-1,-1
307,297,1501.63,194.10,234.09,382.78,1,3,-1,-1
307,296,1852.13,501.01,131.83,104.86,1,3,-1,-1
308,297,1500.11,191.53,236.82,378.13,1,3,-1,-1
308,296,1852.76,498.66,133.07,104.51,1,3,-1,-1
309,297,1500.67,192.36,235.20,378.84,1,3,-1,-1
309,296,1853.09,496.41,132.17,104.04,1,3,-1,-1
310,297,1499.62,192.48,238.27,378.76,1,3,-1,-1
310,296,1852.88,496.38,132.04,104.12,1,3,-1,-1
311,297,1501.04,192.35,235.61,378.75,1,3,-1,-1
311,296,1852.57,495.70,132.80,105.05,1,3,-1,-1
312,297,1501.05,192.35,235.58,378.75,1,3,-1,-1
312,296,1852.56,495.69,132.81,105.06,1,3,-1,-1
313,297,1500.64,192.79,236.13,379.54,1,3,-1,-1
313,296,1852.27,494.49,132.94,106.66,1,3,-1,-1
314,297,1500.22,191.77,236.73,377.46,1,3,-1,-1
314,296,1852.85,493.91,132.52,106.00,1,3,-1,-1
315,297,1500.46,192.19,236.33,378.02,1,3,-1,-1
315,296,1852.61,492.24,132.73,102.61,1,3,-1,-1
316,297,1498.45,191.62,235.47,378.19,1,3,-1,-1
316,296,1852.00,491.98,133.90,102.43,1,3,-1,-1
317,297,1498.98,190.80,235.34,377.57,1,3,-1,-1
317,296,1852.81,491.98,132.72,102.73,1,3,-1,-1
318,297,1497.16,190.65,234.14,376.58,1,3,-1,-1
318,296,1852.19,491.24,133.78,102.12,1,3,-1,-1
319,297,1497.67,190.24,237.14,376.26,1,3,-1,-1
319,296,1851.95,490.50,133.87,101.07,1,3,-1,-1
320,297,1496.75,190.27,238.87,376.13,1,3,-1,-1
320,296,1852.48,490.74,133.18,100.99,1,3,-1,-1
321,297,1496.92,190.10,238.48,375.92,1,3,-1,-1
321,296,1852.56,490.32,132.59,101.31,1,3,-1,-1
322,297,1496.02,190.06,237.68,375.53,1,3,-1,-1
322,296,1852.29,490.20,133.10,101.31,1,3,-1,-1
323,297,1497.37,190.26,235.00,376.83,1,3,-1,-1
323,296,1852.02,490.05,133.53,100.82,1,3,-1,-1
324,297,1496.49,191.29,237.27,379.70,1,3,-1,-1
324,296,1850.84,490.60,134.76,102.27,1,3,-1,-1
325,297,1497.81,190.90,234.83,378.48,1,3,-1,-1
325,296,1850.40,490.39,135.91,102.28,1,3,-1,-1
326,297,1495.41,191.14,234.39,379.26,1,3,-1,-1
326,296,1849.28,490.03,138.43,102.47,1,3,-1,-1
327,297,1494.42,191.50,235.12,379.65,1,3,-1,-1
327,296,1849.35,490.59,138.10,103.33,1,3,-1,-1
328,297,1493.03,191.48,237.18,379.52,1,3,-1,-1
328,296,1849.56,491.28,137.71,104.22,1,3,-1,-1
329,297,1492.49,191.01,237.61,379.04,1,3,-1,-1
329,296,1849.44,491.06,138.07,103.38,1,3,-1,-1
330,297,1492.06,191.07,239.36,379.08,1,3,-1,-1
330,296,1849.48,492.11,138.09,104.12,1,3,-1,-1
331,297,1491.87,191.17,240.03,379.43,1,3,-1,-1
331,296,1849.30,492.57,138.84,104.37,1,3,-1,-1
332,297,1493.89,191.31,235.65,379.85,1,3,-1,-1
332,296,1849.26,493.44,138.29,103.57,1,3,-1,-1
333,301,291.53,104.10,130.04,182.78,1,3,-1,-1
333,297,1495.09,191.15,232.44,378.95,1,3,-1,-1
333,296,1849.10,493.32,138.34,105.19,1,3,-1,-1
334,301,290.45,104.77,129.68,182.58,1,3,-1,-1
334,297,1495.01,191.09,233.13,378.76,1,3,-1,-1
334,296,1849.04,493.34,138.77,105.93,1,3,-1,-1
335,301,295.09,103.02,138.08,184.82,1,3,-1,-1
335,297,1495.75,190.90,231.54,378.71,1,3,-1,-1
335,296,1848.76,493.21,139.83,105.40,1,3,-1,-1
336,301,295.39,102.93,131.76,181.91,1,3,-1,-1
336,297,1495.15,190.25,232.30,377.14,1,3,-1,-1
336,296,1848.99,493.05,138.41,105.53,1,3,-1,-1
337,301,294.90,103.47,127.36,180.42,1,3,-1,-1
337,297,1494.05,190.74,230.21,377.86,1,3,-1,-1
337,296,1848.59,492.83,139.61,104.64,1,3,-1,-1
338,301,292.65,103.35,125.16,177.89,1,3,-1,-1
338,297,1492.77,190.95,235.23,378.46,1,3,-1,-1
338,296,1848.75,494.00,139.54,107.15,1,3,-1,-1
339,301,292.71,103.32,121.60,177.31,1,3,-1,-1
339,297,1492.80,191.45,231.02,378.53,1,3,-1,-1
339,296,1848.90,493.65,138.70,105.99,1,3,-1,-1
340,297,1492.77,191.52,230.71,378.66,1,3,-1,-1
340,296,1848.96,493.65,138.75,105.84,1,3,-1,-1
341,297,1494.40,190.26,230.25,376.67,1,3,-1,-1
341,296,1848.78,494.15,139.09,105.87,1,3,-1,-1
342,297,1492.92,190.27,231.43,377.33,1,3,-1,-1
342,296,1848.53,494.06,138.54,106.42,1,3,-1,-1
343,297,1493.12,190.12,230.19,377.54,1,3,-1,-1
343,296,1848.56,494.21,138.58,106.96,1,3,-1,-1
344,297,1494.67,190.57,229.88,377.62,1,3,-1,-1
344,296,1848.70,494.64,138.39,106.43,1,3,-1,-1
345,297,1495.05,190.70,229.28,377.44,1,3,-1,-1
345,296,1848.02,494.35,139.00,105.87,1,3,-1,-1
346,297,1496.25,190.09,226.53,376.14,1,3,-1,-1
346,296,1848.34,494.42,138.44,105.63,1,3,-1,-1
347,297,1495.14,189.73,228.52,376.36,1,3,-1,-1
347,296,1849.21,494.75,136.94,105.44,1,3,-1,-1
348,297,1496.58,188.67,225.79,373.70,1,3,-1,-1
348,296,1849.40,494.24,136.69,104.74,1,3,-1,-1
349,297,1492.56,190.45,233.12,375.52,1,3,-1,-1
349,296,1850.15,495.06,135.63,106.71,1,3,-1,-1
350,297,1493.75,190.29,232.05,375.22,1,3,-1,-1
350,296,1850.16,494.58,135.58,106.58,1,3,-1,-1
351,297,1494.59,191.58,229.68,375.58,1,3,-1,-1
351,296,1850.17,494.82,134.25,106.89,1,3,-1,-1
352,297,1494.43,191.79,229.61,377.20,1,3,-1,-1
352,296,1850.21,494.87,135.25,107.66,1,3,-1,-1
353,297,1494.55,191.60,230.51,376.90,1,3,-1,-1
353,296,1850.30,495.19,135.13,108.08,1,3,-1,-1
354,297,1495.20,191.53,229.01,375.62,1,3,-1,-1
354,296,1850.34,494.99,135.26,108.57,1,3,-1,-1
355,297,1494.44,191.55,229.71,375.67,1,3,-1,-1
355,296,1850.05,494.30,135.90,107.67,1,3,-1,-1
356,297,1494.39,192.20,228.71,376.25,1,3,-1,-1
356,296,1849.89,494.38,135.59,107.37,1,3,-1,-1
357,297,1494.91,191.13,229.03,375.30,1,3,-1,-1
357,296,1850.01,494.25,135.81,107.46,1,3,-1,-1
358,297,1494.97,191.60,228.75,376.58,1,3,-1,-1
358,296,1849.87,494.37,135.79,106.40,1,3,-1,-1
359,297,1494.99,191.68,228.49,376.56,1,3,-1,-1
359,296,1849.72,494.51,135.74,105.98,1,3,-1,-1
360,297,1495.95,190.95,226.67,374.76,1,3,-1,-1
360,296,1849.94,494.79,135.54,104.78,1,3,-1,-1
361,297,1495.48,191.49,229.12,376.32,1,3,-1,-1
361,296,1849.05,495.02,137.84,106.14,1,3,-1,-1
362,297,1495.15,190.99,228.45,375.58,1,3,-1,-1
362,296,1848.53,495.14,138.53,106.29,1,3,-1,-1
363,297,1495.32,191.26,229.04,375.39,1,3,-1,-1
363,296,1848.72,495.56,138.39,106.48,1,3,-1,-1
364,297,1494.32,191.72,231.13,376.17,1,3,-1,-1
364,296,1849.05,496.29,138.00,106.23,1,3,-1,-1
365,297,1494.26,191.60,231.90,375.96,1,3,-1,-1
365,296,1848.89,495.77,138.01,105.79,1,3,-1,-1
366,297,1494.49,191.61,231.92,375.34,1,3,-1,-1
366,296,1849.68,496.94,137.11,105.97,1,3,-1,-1
367,297,1494.50,192.18,232.58,375.85,1,3,-1,-1
367,296,1849.44,496.06,136.50,104.58,1,3,-1,-1
368,297,1494.45,192.45,231.70,375.88,1,3,-1,-1
368,296,1849.23,496.40,136.22,104.58,1,3,-1,-1
369,297,1494.90,191.38,231.93,375.24,1,3,-1,-1
369,296,1849.64,497.18,136.09,104.89,1,3,-1,-1
370,297,1493.79,191.80,231.92,376.54,1,3,-1,-1
370,296,1848.54,497.63,137.77,104.74,1,3,-1,-1
371,297,1493.04,191.71,233.30,376.97,1,3,-1,-1
371,296,1848.67,497.47,137.40,104.34,1,3,-1,-1
372,297,1494.05,191.76,231.70,377.01,1,3,-1,-1
372,296,1849.12,498.55,137.08,103.80,1,3,-1,-1
373,297,1492.36,191.24,232.34,376.43,1,3,-1,-1
373,296,1848.79,498.13,136.87,104.22,1,3,-1,-1
374,297,1491.44,190.95,234.23,377.01,1,3,-1,-1
374,296,1848.52,498.62,138.48,105.70,1,3,-1,-1
375,297,1489.82,190.88,237.35,377.36,1,3,-1,-1
375,296,1848.88,498.81,137.71,105.22,1,3,-1,-1
376,297,1490.85,192.05,234.09,378.73,1,3,-1,-1
376,296,1848.18,499.55,138.01,105.60,1,3,-1,-1
377,297,1491.56,191.74,235.25,378.51,1,3,-1,-1
377,296,1848.78,499.80,137.36,106.08,1,3,-1,-1
378,297,1491.43,191.77,234.97,378.93,1,3,-1,-1
378,296,1848.09,500.51,138.82,105.53,1,3,-1,-1
379,297,1494.11,191.87,228.99,378.43,1,3,-1,-1
379,296,1848.67,500.12,136.96,104.63,1,3,-1,-1
380,297,1494.41,191.90,229.43,377.90,1,3,-1,-1
380,296,1847.61,500.26,138.88,105.61,1,3,-1,-1
381,297,1494.02,191.90,230.10,377.86,1,3,-1,-1
381,296,1847.71,500.82,138.47,104.56,1,3,-1,-1
382,297,1495.31,192.47,225.63,378.68,1,3,-1,-1
382,296,1847.32,501.19,139.11,104.95,1,3,-1,-1
383,297,1494.27,191.68,228.74,377.48,1,3,-1,-1
383,296,1847.57,500.77,138.85,104.06,1,3,-1,-1
384,297,1493.53,192.37,228.82,378.49,1,3,-1,-1
384,296,1847.57,500.56,138.35,104.44,1,3,-1,-1
385,297,1495.38,191.80,223.62,376.17,1,3,-1,-1
385,296,1847.91,501.09,138.49,104.61,1,3,-1,-1
386,297,1494.80,191.68,228.53,376.94,1,3,-1,-1
386,296,1848.25,500.95,138.25,105.04,1,3,-1,-1
387,297,1495.20,192.23,227.40,377.87,1,3,-1,-1
387,296,1848.39,500.94,137.97,104.66,1,3,-1,-1
388,297,1495.29,192.66,226.72,379.79,1,3,-1,-1
388,296,1848.12,501.34,138.64,105.93,1,3,-1,-1
389,297,1495.40,192.35,228.16,379.21,1,3,-1,-1
389,296,1847.94,500.61,136.26,105.01,1,3,-1,-1
390,297,1495.58,192.07,228.43,378.64,1,3,-1,-1
390,296,1848.14,500.21,136.45,105.25,1,3,-1,-1
391,297,1495.98,192.20,226.35,378.80,1,3,-1,-1
391,296,1848.14,500.28,136.04,106.52,1,3,-1,-1
392,297,1494.19,192.02,230.61,379.06,1,3,-1,-1
392,296,1848.82,500.00,135.50,106.23,1,3,-1,-1
393,297,1493.89,192.15,230.10,379.25,1,3,-1,-1
393,296,1849.13,499.81,134.98,106.44,1,3,-1,-1
394,297,1495.56,191.74,227.45,378.55,1,3,-1,-1
394,296,1849.05,499.33,135.26,107.83,1,3,-1,-1
395,297,1493.63,192.06,231.74,379.22,1,3,-1,-1
395,296,1848.58,498.77,136.41,108.84,1,3,-1,-1
396,297,1493.91,192.05,231.09,379.67,1,3,-1,-1
396,296,1848.52,498.72,136.30,109.03,1,3,-1,-1
397,297,1495.38,191.93,226.98,379.16,1,3,-1,-1
397,296,1848.14,498.27,136.98,109.69,1,3,-1,-1
398,297,1494.87,191.44,228.99,378.60,1,3,-1,-1
398,296,1847.90,497.50,138.16,109.04,1,3,-1,-1
399,297,1492.80,191.63,230.32,379.90,1,3,-1,-1
399,296,1846.96,496.11,138.69,107.86,1,3,-1,-1
400,297,1493.77,191.60,233.18,378.68,1,3,-1,-1
400,296,1847.09,496.52,139.30,108.33,1,3,-1,-1
401,297,1493.62,190.94,230.75,377.32,1,3,-1,-1
401,296,1847.63,496.13,138.81,108.56,1,3,-1,-1
402,297,1493.50,190.83,231.96,377.45,1,3,-1,-1
402,296,1847.75,494.68,138.08,107.55,1,3,-1,-1
403,297,1493.21,190.91,232.21,377.35,1,3,-1,-1
403,296,1847.78,494.16,137.02,106.94,1,3,-1,-1
404,297,1494.04,190.80,231.31,376.98,1,3,-1,-1
404,296,1847.77,493.17,137.14,105.75,1,3,-1,-1
405,297,1492.80,191.00,232.29,377.24,1,3,-1,-1
405,296,1847.06,492.21,139.39,104.89,1,3,-1,-1
406,297,1493.20,191.12,232.06,377.51,1,3,-1,-1
406,296,1847.55,491.40,138.55,103.71,1,3,-1,-1
407,297,1492.13,191.09,233.39,377.53,1,3,-1,-1
407,296,1848.02,491.56,138.44,104.16,1,3,-1,-1
408,297,1491.67,191.81,233.81,378.74,1,3,-1,-1
408,296,1848.44,492.25,138.50,106.57,1,3,-1,-1
409,297,1492.37,191.46,232.75,378.82,1,3,-1,-1
409,296,1848.28,492.95,138.87,107.39,1,3,-1,-1
410,297,1492.64,191.35,233.70,378.41,1,3,-1,-1
410,296,1848.79,493.29,138.06,107.81,1,3,-1,-1
411,297,1492.08,191.22,234.96,378.94,1,3,-1,-1
411,296,1849.14,493.13,137.42,107.61,1,3,-1,-1
412,297,1491.72,191.17,236.63,378.95,1,3,-1,-1
412,296,1849.02,492.56,137.45,106.53,1,3,-1,-1
413,297,1493.30,190.58,233.36,376.67,1,3,-1,-1
413,296,1848.59,492.03,137.15,105.82,1,3,-1,-1
414,297,1492.40,190.93,236.84,377.56,1,3,-1,-1
414,296,1848.73,492.36,137.69,106.59,1,3,-1,-1
415,297,1492.68,190.99,235.93,377.90,1,3,-1,-1
415,296,1848.69,492.32,137.75,106.24,1,3,-1,-1
416,297,1494.06,189.74,230.75,374.87,1,3,-1,-1
416,296,1848.50,492.22,138.10,105.08,1,3,-1,-1
417,297,1492.81,190.31,234.31,375.80,1,3,-1,-1
417,296,1848.28,492.16,139.08,105.26,1,3,-1,-1
418,297,1492.31,190.36,236.65,376.05,1,3,-1,-1
418,296,1848.28,492.18,138.70,105.58,1,3,-1,-1
419,297,1492.26,190.63,234.02,375.57,1,3,-1,-1
419,296,1848.38,491.85,138.06,104.64,1,3,-1,-1
420,297,1493.22,190.90,234.45,376.08,1,3,-1,-1
420,296,1848.09,491.77,138.75,104.64,1,3,-1,-1
421,297,1492.83,190.66,234.53,375.73,1,3,-1,-1
421,296,1848.44,492.40,138.39,106.77,1,3,-1,-1
422,297,1492.86,190.03,234.78,374.94,1,3,-1,-1
422,296,1849.02,492.42,136.43,104.91,1,3,-1,-1
423,297,1493.23,190.50,233.03,375.96,1,3,-1,-1
423,296,1848.84,492.72,136.30,106.11,1,3,-1,-1
424,297,1493.07,190.00,233.34,376.59,1,3,-1,-1
424,296,1849.07,494.33,137.04,108.02,1,3,-1,-1
425,297,1495.78,190.16,230.49,376.57,1,3,-1,-1
425,296,1848.96,494.87,137.97,108.07,1,3,-1,-1
426,297,1496.26,188.57,226.80,373.94,1,3,-1,-1
426,296,1848.77,494.88,135.85,106.48,1,3,-1,-1
427,297,1494.96,189.59,229.58,375.61,1,3,-1,-1
427,296,1848.51,494.81,135.70,106.39,1,3,-1,-1
428,297,1494.78,189.31,229.33,374.97,1,3,-1,-1
428,296,1848.48,494.96,135.45,106.20,1,3,-1,-1
429,297,1495.00,188.78,227.42,374.01,1,3,-1,-1
429,296,1848.41,495.12,135.42,106.58,1,3,-1,-1
430,297,1494.12,188.70,224.99,373.68,1,3,-1,-1
430,296,1848.11,495.47,135.96,106.81,1,3,-1,-1
431,297,1494.13,188.07,225.25,372.88,1,3,-1,-1
431,296,1848.24,495.57,136.59,106.65,1,3,-1,-1
432,297,1494.24,187.78,226.41,372.60,1,3,-1,-1
432,296,1848.67,495.36,137.24,106.13,1,3,-1,-1
433,297,1493.74,188.96,226.54,374.52,1,3,-1,-1
433,296,1848.61,495.49,137.93,106.28,1,3,-1,-1
434,297,1493.55,188.49,227.65,373.83,1,3,-1,-1
434,296,1848.26,495.44,138.67,106.18,1,3,-1,-1
435,297,1493.91,188.58,227.96,373.31,1,3,-1,-1
435,296,1848.47,495.57,138.37,106.17,1,3,-1,-1
436,297,1492.82,189.68,229.06,375.38,1,3,-1,-1
436,296,1847.93,495.45,138.65,106.12,1,3,-1,-1
437,297,1493.60,190.05,228.59,376.68,1,3,-1,-1
437,296,1848.27,495.84,138.74,106.51,1,3,-1,-1
438,297,1494.48,191.49,227.72,379.11,1,3,-1,-1
438,296,1848.40,495.31,138.03,106.05,1,3,-1,-1
439,297,1491.93,190.56,232.55,377.53,1,3,-1,-1
439,296,1848.51,494.91,137.62,107.11,1,3,-1,-1
440,297,1491.25,190.02,234.00,376.88,1,3,-1,-1
440,296,1848.40,494.32,138.03,107.42,1,3,-1,-1
441,297,1491.47,191.21,237.54,379.57,1,3,-1,-1
441,296,1848.76,494.01,137.04,108.00,1,3,-1,-1
442,297,1493.91,190.82,240.56,379.25,1,3,-1,-1
442,296,1848.51,492.76,137.88,105.64,1,3,-1,-1
443,297,1490.61,190.46,238.41,377.31,1,3,-1,-1
443,296,1848.49,492.10,138.39,105.74,1,3,-1,-1
444,297,1492.39,189.96,235.28,375.54,1,3,-1,-1
444,296,1848.45,491.82,138.63,105.52,1,3,-1,-1
445,297,1492.12,190.31,236.52,377.42,1,3,-1,-1
445,296,1847.89,491.17,139.42,106.58,1,3,-1,-1
446,297,1492.31,190.27,237.85,377.44,1,3,-1,-1
446,296,1847.81,491.47,139.69,106.11,1,3,-1,-1
447,297,1492.87,190.56,236.83,378.08,1,3,-1,-1
447,296,1847.92,491.03,139.55,107.59,1,3,-1,-1
448,297,1490.01,189.50,238.86,375.89,1,3,-1,-1
448,296,1847.53,491.24,140.11,106.58,1,3,-1,-1
449,297,1488.00,187.91,237.77,371.82,1,3,-1,-1
449,296,1848.01,491.76,138.67,107.03,1,3,-1,-1
450,297,1488.71,186.92,236.54,369.75,1,3,-1,-1
450,296,1847.47,491.07,138.35,106.20,1,3,-1,-1
451,297,1489.37,189.90,235.76,375.29,1,3,-1,-1
451,296,1846.86,490.05,138.24,104.60,1,3,-1,-1
452,297,1485.86,189.90,243.98,375.10,1,3,-1,-1
452,296,1847.40,489.77,137.95,104.32,1,3,-1,-1
453,297,1485.00,190.16,244.98,375.58,1,3,-1,-1
453,296,1847.58,489.79,137.93,104.02,1,3,-1,-1
454,297,1489.27,189.94,237.51,375.70,1,3,-1,-1
454,296,1847.02,490.06,138.11,104.61,1,3,-1,-1
455,297,1484.85,190.72,245.58,377.23,1,3,-1,-1
455,296,1847.37,489.37,137.28,105.04,1,3,-1,-1
456,297,1485.46,190.58,244.67,377.00,1,3,-1,-1
456,296,1847.01,489.08,137.59,104.41,1,3,-1,-1
457,297,1490.52,189.34,236.38,374.52,1,3,-1,-1
457,296,1846.66,489.60,137.89,105.51,1,3,-1,-1
458,297,1485.30,190.29,247.06,376.12,1,3,-1,-1
458,296,1846.86,489.82,138.40,104.65,1,3,-1,-1
459,297,1489.10,189.58,238.00,374.67,1,3,-1,-1
459,296,1846.37,490.30,139.56,104.49,1,3,-1,-1
460,297,1490.51,188.15,237.00,371.81,1,3,-1,-1
460,296,1846.72,491.27,138.85,105.32,1,3,-1,-1
461,297,1485.26,189.74,247.12,375.78,1,3,-1,-1
461,296,1847.30,491.60,138.15,105.40,1,3,-1,-1
462,297,1483.61,189.48,245.13,374.55,1,3,-1,-1
462,296,1847.13,492.52,138.17,107.19,1,3,-1,-1
463,297,1484.66,188.49,244.79,373.30,1,3,-1,-1
463,296,1847.02,492.91,139.48,108.65,1,3,-1,-1
464,297,1491.00,190.95,233.12,377.63,1,3,-1,-1
464,296,1845.61,492.51,139.79,107.49,1,3,-1,-1
465,297,1489.49,190.32,237.06,375.89,1,3,-1,-1
465,296,1845.47,492.39,141.33,107.14,1,3,-1,-1
466,297,1487.50,190.03,243.97,375.68,1,3,-1,-1
466,296,1845.67,492.80,142.80,108.04,1,3,-1,-1
467,297,1486.37,190.03,242.35,376.55,1,3,-1,-1
467,296,1845.20,492.06,141.93,106.28,1,3,-1,-1
468,297,1486.36,190.03,242.33,376.56,1,3,-1,-1
468,296,1845.20,492.05,141.92,106.26,1,3,-1,-1
469,297,1486.78,189.42,241.26,375.48,1,3,-1,-1
469,296,1844.83,492.48,142.71,107.23,1,3,-1,-1
470,297,1487.79,190.20,234.94,376.14,1,3,-1,-1
470,296,1844.70,493.14,143.43,107.89,1,3,-1,-1
471,297,1490.65,189.58,231.32,374.43,1,3,-1,-1
471,296,1844.37,493.57,144.00,108.23,1,3,-1,-1
472,297,1489.56,188.09,234.07,371.61,1,3,-1,-1
472,296,1843.60,494.44,145.54,109.08,1,3,-1,-1
473,297,1492.33,186.01,224.37,368.07,1,3,-1,-1
473,296,1843.85,494.91,144.86,108.95,1,3,-1,-1
474,297,1492.17,186.90,224.88,369.27,1,3,-1,-1
474,296,1843.82,495.33,143.70,108.93,1,3,-1,-1
475,297,1489.87,189.53,234.05,373.33,1,3,-1,-1
475,296,1843.27,496.25,142.88,107.83,1,3,-1,-1
476,297,1489.73,188.61,234.53,370.48,1,3,-1,-1
476,296,1843.05,496.47,143.82,108.44,1,3,-1,-1
477,297,1489.64,189.01,234.65,371.65,1,3,-1,-1
477,296,1842.78,496.90,144.04,109.68,1,3,-1,-1
478,297,1490.18,188.56,233.34,371.66,1,3,-1,-1
478,296,1842.34,496.77,145.73,108.68,1,3,-1,-1
479,297,1489.88,188.25,234.37,370.50,1,3,-1,-1
479,296,1842.55,497.27,146.17,109.01,1,3,-1,-1
480,297,1489.71,188.11,235.13,369.83,1,3,-1,-1
480,296,1842.28,497.26,145.01,108.26,1,3,-1,-1
481,297,1489.67,188.06,235.03,369.74,1,3,-1,-1
481,296,1842.10,497.55,145.42,107.95,1,3,-1,-1
482,297,1490.56,187.99,234.89,369.68,1,3,-1,-1
482,296,1842.02,497.61,144.00,107.64,1,3,-1,-1
483,297,1490.94,189.27,232.97,372.59,1,3,-1,-1
483,296,1842.20,498.03,145.19,107.73,1,3,-1,-1
484,297,1490.86,190.00,233.46,373.86,1,3,-1,-1
484,296,1842.38,498.74,144.76,108.38,1,3,-1,-1
485,297,1489.92,189.60,235.53,372.94,1,3,-1,-1
485,296,1843.02,498.76,143.69,107.19,1,3,-1,-1
486,297,1489.91,189.58,235.06,373.58,1,3,-1,-1
486,296,1843.27,498.83,142.02,107.44,1,3,-1,-1
487,297,1489.94,190.06,235.00,374.48,1,3,-1,-1
487,296,1843.13,499.48,141.58,106.46,1,3,-1,-1
488,297,1489.25,189.81,236.69,373.97,1,3,-1,-1
488,296,1842.28,499.19,137.64,105.25,1,3,-1,-1
489,297,1488.62,189.99,236.19,373.82,1,3,-1,-1
489,296,1842.21,499.47,138.19,105.55,1,3,-1,-1
490,297,1488.83,189.77,236.67,373.70,1,3,-1,-1
490,296,1842.25,499.74,137.73,105.71,1,3,-1,-1
491,297,1489.30,189.70,236.42,373.28,1,3,-1,-1
491,296,1841.62,500.36,138.19,104.31,1,3,-1,-1
492,297,1490.29,189.70,235.26,374.12,1,3,-1,-1
492,296,1842.46,500.98,137.73,105.47,1,3,-1,-1
493,297,1489.01,189.57,237.40,374.09,1,3,-1,-1
493,296,1842.70,501.29,137.70,105.95,1,3,-1,-1
494,297,1489.99,189.43,235.13,374.33,1,3,-1,-1
494,296,1842.46,501.48,138.66,104.99,1,3,-1,-1
495,297,1489.55,189.59,235.97,374.46,1,3,-1,-1
495,296,1842.57,501.03,142.05,106.52,1,3,-1,-1
496,297,1489.92,189.02,236.86,374.82,1,3,-1,-1
496,296,1843.05,501.81,138.54,107.05,1,3,-1,-1
497,297,1489.65,188.71,236.56,374.48,1,3,-1,-1
497,296,1843.16,501.23,142.06,107.11,1,3,-1,-1
498,297,1490.90,187.89,235.03,372.52,1,3,-1,-1
498,296,1841.61,500.92,144.70,106.08,1,3,-1,-1
499,297,1491.52,188.46,237.70,373.32,1,3,-1,-1
499,296,1843.07,500.03,145.20,106.58,1,3,-1,-1
500,297,1492.35,189.13,234.02,373.83,1,3,-1,-1
500,296,1843.20,500.10,144.44,105.80,1,3,-1,-1
501,297,1494.35,188.47,232.05,372.32,1,3,-1,-1
501,296,1844.16,499.74,142.08,105.25,1,3,-1,-1
502,297,1493.66,188.45,233.06,372.15,1,3,-1,-1
502,296,1843.18,498.59,143.57,106.11,1,3,-1,-1
503,297,1494.32,189.63,231.30,374.45,1,3,-1,-1
503,296,1843.07,498.87,143.90,106.53,1,3,-1,-1
504,297,1493.92,190.40,230.94,376.11,1,3,-1,-1
504,296,1843.60,498.64,142.92,106.32,1,3,-1,-1
505,297,1492.82,190.29,232.46,375.77,1,3,-1,-1
505,296,1843.07,497.99,145.30,107.40,1,3,-1,-1
506,297,1492.24,190.14,233.54,375.72,1,3,-1,-1
506,296,1843.33,497.89,144.52,107.49,1,3,-1,-1
507,297,1492.26,190.32,233.98,375.90,1,3,-1,-1
507,296,1844.26,497.39,144.10,108.10,1,3,-1,-1
508,297,1492.20,190.56,233.98,375.53,1,3,-1,-1
508,296,1844.39,496.67,142.55,107.93,1,3,-1,-1
509,297,1491.64,190.96,233.02,376.72,1,3,-1,-1
509,296,1844.04,496.10,141.79,107.92,1,3,-1,-1
510,297,1490.11,190.55,234.31,376.28,1,3,-1,-1
510,296,1844.63,495.88,142.46,108.16,1,3,-1,-1
511,297,1490.01,190.41,236.16,376.36,1,3,-1,-1
511,296,1843.53,494.92,144.97,108.13,1,3,-1,-1
512,297,1490.66,190.19,236.51,375.35,1,3,-1,-1
512,296,1843.79,494.11,144.90,106.78,1,3,-1,-1
513,297,1489.86,190.38,237.57,375.59,1,3,-1,-1
513,296,1844.21,493.57,145.63,106.27,1,3,-1,-1
514,297,1488.95,190.77,236.87,376.25,1,3,-1,-1
514,296,1843.40,492.36,146.38,106.17,1,3,-1,-1
515,297,1489.66,190.75,237.33,375.71,1,3,-1,-1
515,296,1843.68,491.69,145.89,104.75,1,3,-1,-1
516,297,1488.94,190.65,236.49,375.75,1,3,-1,-1
516,296,1842.92,492.25,147.92,106.24,1,3,-1,-1
517,297,1489.22,190.35,235.47,374.92,1,3,-1,-1
517,296,1843.64,491.24,146.67,106.23,1,3,-1,-1
518,297,1488.70,190.12,234.01,374.40,1,3,-1,-1
518,296,1844.47,491.02,145.80,105.48,1,3,-1,-1
519,297,1489.80,190.35,235.21,375.03,1,3,-1,-1
519,296,1844.38,490.80,145.87,106.32,1,3,-1,-1
520,297,1490.98,190.57,234.72,375.56,1,3,-1,-1
520,296,1843.74,490.37,146.70,107.36,1,3,-1,-1
521,297,1493.00,190.39,231.75,375.30,1,3,-1,-1
521,296,1843.06,489.65,146.80,105.86,1,3,-1,-1
522,297,1494.33,190.11,228.45,374.75,1,3,-1,-1
522,296,1843.15,489.40,147.76,105.56,1,3,-1,-1
523,297,1493.36,189.11,228.04,372.77,1,3,-1,-1
523,296,1843.58,489.73,145.64,105.25,1,3,-1,-1
524,297,1489.57,191.93,228.92,377.27,1,3,-1,-1
524,296,1843.01,488.27,144.85,104.99,1,3,-1,-1
525,297,1488.59,189.21,231.97,372.67,1,3,-1,-1
525,296,1844.04,488.50,141.61,104.50,1,3,-1,-1
526,297,1489.02,190.34,233.10,376.17,1,3,-1,-1
526,296,1843.82,489.76,143.07,107.31,1,3,-1,-1
527,297,1488.40,190.26,232.58,375.09,1,3,-1,-1
527,296,1844.16,490.42,143.29,108.67,1,3,-1,-1
528,297,1488.04,190.73,233.16,376.03,1,3,-1,-1
528,296,1844.42,490.41,142.66,108.97,1,3,-1,-1
529,297,1489.30,190.69,233.38,376.76,1,3,-1,-1
529,296,1843.89,490.81,144.24,109.50,1,3,-1,-1
530,297,1488.35,189.13,230.84,373.08,1,3,-1,-1
530,296,1844.11,491.56,144.45,110.05,1,3,-1,-1
531,297,1488.75,188.25,230.64,371.01,1,3,-1,-1
531,296,1844.38,491.78,143.84,110.80,1,3,-1,-1
532,297,1488.08,188.74,233.77,372.49,1,3,-1,-1
532,296,1843.78,491.69,144.91,109.85,1,3,-1,-1
533,297,1488.00,191.40,232.12,377.58,1,3,-1,-1
533,296,1844.10,491.28,143.87,109.15,1,3,-1,-1
534,297,1488.29,190.88,231.71,376.70,1,3,-1,-1
534,296,1844.19,491.32,143.57,108.50,1,3,-1,-1
535,297,1488.08,191.16,232.80,377.16,1,3,-1,-1
535,296,1843.60,491.36,145.22,108.53,1,3,-1,-1
536,297,1489.11,190.38,232.61,375.86,1,3,-1,-1
536,296,1843.06,492.11,145.34,108.41,1,3,-1,-1
537,297,1488.88,190.30,233.72,375.29,1,3,-1,-1
537,296,1843.28,492.21,144.83,107.80,1,3,-1,-1
538,297,1488.66,190.57,234.91,375.60,1,3,-1,-1
538,296,1842.65,492.07,146.13,107.56,1,3,-1,-1
539,297,1487.68,189.97,235.75,374.39,1,3,-1,-1
539,296,1843.48,492.42,144.65,109.11,1,3,-1,-1
540,297,1487.30,190.36,233.92,374.71,1,3,-1,-1
540,296,1843.51,492.10,145.05,108.34,1,3,-1,-1
541,297,1486.93,189.98,232.72,375.10,1,3,-1,-1
541,296,1842.82,492.13,146.13,109.13,1,3,-1,-1
542,297,1487.28,190.19,230.86,374.71,1,3,-1,-1
542,296,1843.11,490.98,146.20,107.87,1,3,-1,-1
543,297,1486.54,189.73,231.82,374.14,1,3,-1,-1
543,296,1842.28,490.57,147.40,107.03,1,3,-1,-1
544,297,1487.57,189.62,231.96,373.81,1,3,-1,-1
544,296,1842.16,489.78,148.49,106.23,1,3,-1,-1
545,297,1487.84,189.34,232.76,373.10,1,3,-1,-1
545,296,1841.49,489.76,149.54,107.23,1,3,-1,-1
546,297,1488.80,189.42,234.45,373.32,1,3,-1,-1
546,296,1841.66,489.34,149.38,106.77,1,3,-1,-1
547,297,1489.90,189.82,233.01,374.37,1,3,-1,-1
547,296,1841.78,488.93,148.66,105.97,1,3,-1,-1
548,297,1490.81,188.81,230.11,372.10,1,3,-1,-1
548,296,1843.49,488.80,145.51,105.64,1,3,-1,-1
549,297,1490.71,189.03,231.63,373.31,1,3,-1,-1
549,296,1845.14,488.64,144.40,107.70,1,3,-1,-1
550,297,1488.17,188.47,235.77,372.01,1,3,-1,-1
550,296,1845.19,488.83,144.89,107.67,1,3,-1,-1
551,297,1491.28,187.88,232.56,371.27,1,3,-1,-1
551,296,1845.32,488.28,142.48,104.87,1,3,-1,-1
552,297,1490.46,188.16,234.92,371.93,1,3,-1,-1
552,296,1845.44,489.14,143.19,106.74,1,3,-1,-1
553,297,1489.88,188.29,235.38,372.47,1,3,-1,-1
553,296,1845.71,489.02,142.66,106.22,1,3,-1,-1
554,297,1491.67,188.77,231.05,373.35,1,3,-1,-1
554,296,1846.07,489.29,141.71,106.71,1,3,-1,-1
555,297,1490.20,188.04,233.13,371.54,1,3,-1,-1
555,296,1845.90,489.94,141.33,106.18,1,3,-1,-1
556,297,1489.61,188.08,231.42,372.02,1,3,-1,-1
556,296,1846.20,490.33,141.08,105.89,1,3,-1,-1
557,297,1490.97,187.63,231.90,370.82,1,3,-1,-1
557,296,1845.84,490.60,141.83,106.24,1,3,-1,-1
558,297,1489.65,188.06,234.54,371.83,1,3,-1,-1
558,296,1845.42,491.10,142.65,108.60,1,3,-1,-1
559,297,1489.04,188.27,236.28,371.43,1,3,-1,-1
559,296,1844.91,490.82,142.99,108.49,1,3,-1,-1
560,297,1489.01,189.00,233.78,372.44,1,3,-1,-1
560,296,1844.46,490.81,143.12,109.46,1,3,-1,-1
561,297,1488.25,189.34,236.05,373.69,1,3,-1,-1
561,296,1844.26,490.49,143.66,109.36,1,3,-1,-1
562,297,1487.34,189.30,237.48,373.68,1,3,-1,-1
562,296,1844.41,490.59,143.27,109.53,1,3,-1,-1
563,297,1489.21,189.16,230.23,372.93,1,3,-1,-1
563,296,1843.27,490.57,144.76,109.85,1,3,-1,-1
564,297,1488.53,188.91,233.58,372.38,1,3,-1,-1
564,296,1844.15,490.97,145.00,108.13,1,3,-1,-1
565,297,1488.65,188.29,230.62,372.05,1,3,-1,-1
565,296,1844.13,491.23,145.12,108.29,1,3,-1,-1
566,297,1490.14,189.47,231.89,373.71,1,3,-1,-1
566,296,1844.62,491.07,145.04,108.19,1,3,-1,-1
567,297,1488.36,188.97,234.04,373.02,1,3,-1,-1
567,296,1844.93,490.73,143.92,107.18,1,3,-1,-1
568,297,1487.61,189.21,233.98,373.13,1,3,-1,-1
568,296,1844.75,490.66,144.58,106.82,1,3,-1,-1
569,297,1489.10,189.61,231.65,373.57,1,3,-1,-1
569,296,1844.30,490.25,144.51,106.90,1,3,-1,-1
570,297,1488.52,188.87,231.29,372.48,1,3,-1,-1
570,296,1843.83,490.47,144.93,106.88,1,3,-1,-1
571,297,1488.33,189.34,230.91,373.17,1,3,-1,-1
571,296,1844.05,490.44,145.24,106.79,1,3,-1,-1
572,297,1488.74,189.91,231.00,374.13,1,3,-1,-1
572,296,1844.44,490.02,144.56,107.49,1,3,-1,-1
573,297,1488.17,189.41,232.12,372.81,1,3,-1,-1
573,296,1844.16,490.27,144.78,107.40,1,3,-1,-1
574,297,1488.85,190.35,236.84,375.88,1,3,-1,-1
574,296,1844.26,489.16,144.37,108.92,1,3,-1,-1
575,297,1489.29,190.44,236.19,376.00,1,3,-1,-1
575,296,1844.06,489.08,144.55,108.02,1,3,-1,-1
576,297,1488.91,191.35,234.85,378.09,1,3,-1,-1
576,296,1843.86,490.22,146.76,108.93,1,3,-1,-1
577,297,1490.56,191.01,233.87,377.42,1,3,-1,-1
577,296,1844.22,491.09,146.20,107.65,1,3,-1,-1
578,297,1490.95,191.23,233.68,377.80,1,3,-1,-1
578,296,1844.17,491.56,146.49,108.36,1,3,-1,-1
579,297,1489.90,190.76,235.61,376.74,1,3,-1,-1
579,296,1844.68,491.83,146.28,108.60,1,3,-1,-1
580,297,1490.68,190.82,235.61,377.21,1,3,-1,-1
580,296,1844.42,492.31,145.79,108.43,1,3,-1,-1
581,297,1490.21,191.02,235.12,378.10,1,3,-1,-1
581,296,1844.24,492.15,145.52,107.82,1,3,-1,-1
582,297,1490.01,191.09,235.65,378.40,1,3,-1,-1
582,296,1843.97,492.70,144.22,108.12,1,3,-1,-1
583,297,1489.60,191.05,236.19,378.46,1,3,-1,-1
583,296,1844.29,492.96,143.78,108.14,1,3,-1,-1
584,297,1489.87,191.57,235.17,379.41,1,3,-1,-1
584,296,1844.14,493.45,144.43,108.18,1,3,-1,-1
585,297,1489.63,191.43,236.67,379.38,1,3,-1,-1
585,296,1844.08,493.16,143.88,108.60,1,3,-1,-1
586,297,1490.17,191.19,234.86,378.92,1,3,-1,-1
586,296,1843.74,493.57,145.73,109.68,1,3,-1,-1
587,297,1490.19,191.35,234.60,378.97,1,3,-1,-1
587,296,1843.76,493.92,145.84,109.71,1,3,-1,-1
588,297,1491.08,190.98,235.30,378.93,1,3,-1,-1
588,296,1842.93,494.00,145.85,109.10,1,3,-1,-1
589,297,1491.34,190.00,234.07,376.76,1,3,-1,-1
589,296,1843.03,494.63,146.62,108.01,1,3,-1,-1
590,297,1490.89,189.31,233.74,375.24,1,3,-1,-1
590,296,1842.87,495.01,146.45,107.95,1,3,-1,-1
591,297,1489.92,189.59,233.40,375.60,1,3,-1,-1
591,296,1842.26,495.12,148.74,109.10,1,3,-1,-1
592,297,1489.50,189.56,233.00,374.94,1,3,-1,-1
592,296,1842.71,495.03,147.27,109.19,1,3,-1,-1
593,297,1489.93,189.85,231.42,375.39,1,3,-1,-1
593,296,1842.87,494.98,146.69,109.43,1,3,-1,-1
594,297,1489.06,190.01,232.38,376.06,1,3,-1,-1
594,296,1842.84,494.49,146.94,109.81,1,3,-1,-1
595,297,1489.47,189.84,231.79,374.93,1,3,-1,-1
595,296,1843.20,494.65,146.05,109.56,1,3,-1,-1
596,297,1490.10,189.23,230.50,373.98,1,3,-1,-1
596,296,1843.18,494.59,146.44,109.33,1,3,-1,-1
597,297,1489.97,190.45,230.78,376.22,1,3,-1,-1
597,296,1842.54,494.40,147.39,108.97,1,3,-1,-1
598,297,1489.85,190.07,229.54,375.02,1,3,-1,-1
598,296,1842.58,494.04,146.51,109.45,1,3,-1,-1
599,297,1490.87,190.61,228.37,376.96,1,3,-1,-1
599,296,1844.58,493.85,144.64,108.85,1,3,-1,-1
600,297,1490.75,190.97,225.60,377.36,1,3,-1,-1
600,296,1844.52,494.46,143.83,109.90,1,3,-1,-1
601,297,1489.78,191.49,225.39,378.48,1,3,-1,-1
601,296,1844.71,493.83,143.67,107.49,1,3,-1,-1
602,297,1489.99,190.92,225.83,376.89,1,3,-1,-1
602,296,1844.61,493.84,143.42,107.13,1,3,-1,-1
603,297,1489.64,190.94,225.99,376.86,1,3,-1,-1
603,296,1844.50,493.72,143.66,107.18,1,3,-1,-1
604,297,1490.06,190.06,225.06,375.54,1,3,-1,-1
604,296,1844.88,493.56,143.46,107.23,1,3,-1,-1
605,297,1489.50,190.04,227.79,375.18,1,3,-1,-1
605,296,1844.63,493.71,144.34,106.91,1,3,-1,-1
606,297,1489.13,190.08,228.43,375.13,1,3,-1,-1
606,296,1845.08,493.82,144.08,107.15,1,3,-1,-1
607,297,1491.48,189.89,223.52,374.33,1,3,-1,-1
607,296,1845.01,493.66,144.29,107.70,1,3,-1,-1
608,297,1490.78,190.82,226.77,375.85,1,3,-1,-1
608,296,1844.79,494.03,143.65,108.01,1,3,-1,-1
609,297,1490.37,190.23,226.57,374.67,1,3,-1,-1
609,296,1844.52,494.14,144.51,107.75,1,3,-1,-1
610,297,1492.07,190.06,221.74,373.48,1,3,-1,-1
610,296,1844.24,493.69,145.27,107.59,1,3,-1,-1
611,297,1492.15,190.18,221.69,373.38,1,3,-1,-1
611,296,1843.40,494.31,147.23,108.68,1,3,-1,-1
612,297,1491.60,191.34,222.25,375.81,1,3,-1,-1
612,296,1843.29,494.27,146.70,108.29,1,3,-1,-1
613,297,1491.41,191.05,222.63,375.16,1,3,-1,-1
613,296,1843.60,495.41,146.48,107.75,1,3,-1,-1
614,297,1491.37,191.36,224.78,376.05,1,3,-1,-1
614,296,1843.77,495.74,145.07,106.86,1,3,-1,-1
615,297,1491.19,191.51,224.61,376.46,1,3,-1,-1
615,296,1843.93,496.51,145.49,107.42,1,3,-1,-1
616,297,1489.88,190.72,227.10,375.17,1,3,-1,-1
616,296,1843.51,496.73,145.35,107.95,1,3,-1,-1
617,297,1488.99,191.66,231.16,377.43,1,3,-1,-1
617,296,1843.31,496.81,146.32,106.74,1,3,-1,-1
618,297,1489.41,191.32,230.24,376.85,1,3,-1,-1
618,296,1843.25,496.53,145.60,106.11,1,3,-1,-1
619,297,1488.92,191.61,232.89,377.45,1,3,-1,-1
619,296,1844.19,496.38,144.70,105.94,1,3,-1,-1
620,297,1488.94,192.11,232.52,378.58,1,3,-1,-1
620,296,1843.95,496.68,143.65,105.88,1,3,-1,-1
621,297,1488.60,192.25,232.06,379.22,1,3,-1,-1
621,296,1843.52,497.21,143.20,106.34,1,3,-1,-1
622,297,1487.93,191.63,230.68,377.85,1,3,-1,-1
622,296,1843.41,497.24,144.85,106.50,1,3,-1,-1
623,297,1487.86,192.13,231.93,378.79,1,3,-1,-1
623,296,1842.94,497.73,145.19,106.62,1,3,-1,-1
624,297,1486.99,191.08,232.99,375.86,1,3,-1,-1
624,296,1843.46,497.01,144.45,105.94,1,3,-1,-1
625,297,1487.01,191.35,232.40,376.13,1,3,-1,-1
625,296,1842.93,497.54,146.36,106.85,1,3,-1,-1
626,297,1487.70,191.22,233.34,376.26,1,3,-1,-1
626,296,1840.95,496.49,149.42,106.61,1,3,-1,-1
627,297,1488.67,190.85,234.65,376.40,1,3,-1,-1
627,296,1842.69,496.63,146.98,107.42,1,3,-1,-1
628,297,1488.56,191.16,234.67,377.11,1,3,-1,-1
628,296,1842.67,496.74,147.74,107.69,1,3,-1,-1
629,297,1489.15,191.86,233.55,378.20,1,3,-1,-1
629,296,1842.26,496.18,147.64,107.44,1,3,-1,-1
630,297,1489.04,191.30,234.37,378.01,1,3,-1,-1
630,296,1842.55,496.26,147.44,108.19,1,3,-1,-1
631,297,1487.97,190.91,237.54,377.33,1,3,-1,-1
631,296,1842.11,496.26,146.65,107.85,1,3,-1,-1
632,297,1489.45,192.58,234.90,380.07,1,3,-1,-1
632,296,1842.79,496.66,145.93,108.35,1,3,-1,-1
633,297,1489.55,192.46,237.31,380.18,1,3,-1,-1
633,296,1842.96,496.73,145.55,107.90,1,3,-1,-1
634,297,1488.73,192.25,234.92,379.81,1,3,-1,-1
634,296,1843.24,496.63,145.26,107.97,1,3,-1,-1
635,297,1488.82,192.49,232.93,380.32,1,3,-1,-1
635,296,1843.17,496.49,145.37,108.87,1,3,-1,-1
636,297,1487.83,192.11,232.79,379.40,1,3,-1,-1
636,296,1844.43,496.01,144.21,107.13,1,3,-1,-1
637,297,1488.36,191.69,232.44,378.60,1,3,-1,-1
637,296,1844.03,495.69,146.53,105.98,1,3,-1,-1
638,297,1489.22,191.29,233.05,378.21,1,3,-1,-1
638,296,1843.99,494.85,146.64,105.82,1,3,-1,-1
639,297,1489.42,191.16,234.45,377.95,1,3,-1,-1
639,296,1845.37,493.22,144.74,109.47,1,3,-1,-1
640,297,1489.08,190.44,235.17,376.66,1,3,-1,-1
640,296,1847.13,491.71,142.47,111.07,1,3,-1,-1
641,297,1491.30,190.34,234.50,376.74,1,3,-1,-1
641,296,1846.27,491.56,144.00,111.48,1,3,-1,-1
642,297,1490.95,190.30,234.87,376.75,1,3,-1,-1
642,296,1846.74,490.66,143.67,108.79,1,3,-1,-1
643,297,1492.48,190.30,239.16,376.93,1,3,-1,-1
643,296,1846.25,490.03,145.51,108.57,1,3,-1,-1
644,297,1493.74,191.52,241.00,379.50,1,3,-1,-1
644,296,1849.56,489.29,140.02,106.88,1,3,-1,-1
645,297,1493.88,191.32,237.10,378.92,1,3,-1,-1
645,296,1853.75,488.69,131.87,104.84,1,3,-1,-1
646,297,1493.36,191.55,239.75,379.06,1,3,-1,-1
646,296,1853.22,488.40,133.26,106.15,1,3,-1,-1
647,297,1491.90,192.52,241.10,380.79,1,3,-1,-1
647,296,1850.37,486.45,138.48,105.23,1,3,-1,-1
648,297,1483.69,189.92,248.33,374.29,1,3,-1,-1
648,296,1841.60,484.01,145.99,108.83,1,3,-1,-1
649,297,1463.26,185.79,271.70,365.30,1,3,-1,-1
649,296,1835.79,481.16,153.38,114.27,1,3,-1,-1
650,297,1451.52,184.77,263.34,367.25,1,3,-1,-1
650,296,1820.29,475.71,157.13,115.67,1,3,-1,-1
651,297,1438.48,182.00,261.59,358.95,1,3,-1,-1
651,296,1803.31,469.28,145.98,110.12,1,3,-1,-1
652,297,1421.85,181.52,259.87,358.65,1,3,-1,-1
652,296,1792.41,457.99,145.71,104.68,1,3,-1,-1
653,297,1402.92,180.37,272.47,358.69,1,3,-1,-1
653,296,1781.24,452.25,153.96,107.84,1,3,-1,-1
654,297,1387.90,179.23,277.12,355.08,1,3,-1,-1
654,296,1768.52,447.63,151.78,103.18,1,3,-1,-1
655,297,1383.72,179.63,270.50,355.13,1,3,-1,-1
655,296,1760.70,444.63,157.22,103.62,1,3,-1,-1
656,297,1372.41,179.77,269.89,356.88,1,3,-1,-1
656,296,1752.93,443.62,160.94,107.48,1,3,-1,-1
657,297,1362.30,179.88,263.26,357.50,1,3,-1,-1
657,296,1742.89,442.84,161.37,107.34,1,3,-1,-1
658,297,1342.37,179.56,264.88,356.71,1,3,-1,-1
658,296,1731.75,440.42,162.64,102.87,1,3,-1,-1
659,297,1335.61,181.06,267.18,359.90,1,3,-1,-1
659,296,1723.19,441.42,168.52,102.22,1,3,-1,-1
660,297,1324.72,183.90,266.33,366.38,1,3,-1,-1
660,296,1709.91,441.99,164.12,98.72,1,3,-1,-1
661,297,1318.68,185.13,255.81,366.99,1,3,-1,-1
661,296,1702.61,444.64,164.70,100.69,1,3,-1,-1
662,297,1310.14,184.92,254.47,365.88,1,3,-1,-1
662,296,1692.64,445.69,163.91,97.09,1,3,-1,-1
663,297,1302.28,185.27,255.02,367.05,1,3,-1,-1
663,296,1686.50,446.07,164.27,93.70,1,3,-1,-1
664,297,1292.15,184.25,256.32,362.22,1,3,-1,-1
664,296,1674.07,447.89,153.43,95.74,1,3,-1,-1
665,297,1287.34,185.87,254.68,367.62,1,3,-1,-1
665,296,1671.64,449.27,159.37,100.59,1,3,-1,-1
666,297,1282.65,187.93,252.13,372.21,1,3,-1,-1
666,296,1665.48,452.11,154.80,99.61,1,3,-1,-1
667,297,1280.48,193.74,246.87,381.43,1,3,-1,-1
667,296,1663.17,468.85,148.57,96.06,1,3,-1,-1
668,297,1280.37,195.35,247.76,385.57,1,3,-1,-1
668,296,1667.41,474.67,147.21,93.19,1,3,-1,-1
669,297,1280.97,194.92,248.95,384.24,1,3,-1,-1
669,296,1666.59,474.86,146.03,92.82,1,3,-1,-1
670,297,1282.71,196.73,246.82,387.75,1,3,-1,-1
670,296,1671.26,484.28,141.28,91.44,1,3,-1,-1
671,297,1287.14,197.98,248.71,392.23,1,3,-1,-1
671,296,1675.15,491.81,141.33,94.89,1,3,-1,-1
672,297,1298.80,199.35,252.08,395.59,1,3,-1,-1
672,296,1682.50,498.01,140.34,92.91,1,3,-1,-1
673,297,1306.43,201.49,253.22,399.78,1,3,-1,-1
673,296,1689.63,506.75,139.58,92.17,1,3,-1,-1
674,297,1319.22,204.09,252.91,402.49,1,3,-1,-1
674,296,1692.71,516.04,135.68,93.07,1,3,-1,-1
675,297,1320.81,209.18,259.13,412.57,1,3,-1,-1
675,296,1700.07,523.36,139.45,94.35,1,3,-1,-1
676,297,1324.40,210.85,270.95,412.62,1,3,-1,-1
676,296,1705.92,534.10,133.35,90.75,1,3,-1,-1
677,297,1333.64,215.39,275.77,421.49,1,3,-1,-1
677,296,1715.36,540.52,137.63,86.27,1,3,-1,-1
678,297,1346.38,216.34,270.84,421.19,1,3,-1,-1
678,296,1721.79,549.12,131.59,85.23,1,3,-1,-1
679,297,1359.75,218.29,264.31,427.52,1,3,-1,-1
679,296,1729.78,556.33,129.89,92.74,1,3,-1,-1
680,297,1366.34,222.55,275.07,438.78,1,3,-1,-1
680,296,1735.33,565.14,132.71,90.86,1,3,-1,-1
681,297,1387.00,226.27,249.76,444.41,1,3,-1,-1
681,296,1745.68,573.73,132.01,88.03,1,3,-1,-1
682,297,1396.12,227.27,263.95,448.63,1,3,-1,-1
682,296,1754.03,583.41,128.97,89.05,1,3,-1,-1
683,297,1403.40,230.46,267.44,451.87,1,3,-1,-1
683,296,1759.23,591.11,128.98,88.44,1,3,-1,-1
684,297,1407.26,231.76,274.65,456.81,1,3,-1,-1
684,296,1765.64,599.75,124.68,84.34,1,3,-1,-1
685,297,1408.54,236.02,286.93,467.40,1,3,-1,-1
685,296,1774.81,606.35,123.00,87.01,1,3,-1,-1
686,297,1415.65,238.93,302.72,474.83,1,3,-1,-1
686,296,1782.69,615.28,123.84,90.61,1,3,-1,-1
687,297,1436.37,242.72,286.09,480.77,1,3,-1,-1
687,296,1791.10,624.15,124.05,82.36,1,3,-1,-1
688,297,1454.46,246.02,258.96,483.98,1,3,-1,-1
688,296,1798.09,631.25,120.89,85.51,1,3,-1,-1
689,297,1467.11,252.19,263.49,498.46,1,3,-1,-1
689,296,1807.38,636.47,117.87,86.16,1,3,-1,-1
690,297,1478.42,251.51,260.76,499.41,1,3,-1,-1
690,296,1815.03,644.51,120.24,80.48,1,3,-1,-1
691,297,1477.49,256.95,268.59,506.86,1,3,-1,-1
691,296,1824.60,650.60,121.26,90.83,1,3,-1,-1
692,297,1483.74,257.06,304.59,505.25,1,3,-1,-1
692,296,1830.18,657.68,116.55,85.51,1,3,-1,-1
693,297,1481.67,262.10,323.36,508.74,1,3,-1,-1
693,296,1840.28,662.41,119.16,85.68,1,3,-1,-1
694,297,1514.78,261.95,271.03,514.35,1,3,-1,-1
694,296,1850.98,668.73,113.51,88.83,1,3,-1,-1
695,297,1497.58,270.35,340.04,526.30,1,3,-1,-1
695,296,1857.97,677.92,115.44,94.23,1,3,-1,-1
696,297,1500.68,270.46,321.17,520.31,1,3,-1,-1
696,296,1863.81,680.45,111.23,85.90,1,3,-1,-1
697,297,1558.01,272.49,245.77,539.21,1,3,-1,-1
697,296,1868.49,685.51,103.02,91.39,1,3,-1,-1
698,297,1570.17,270.30,245.63,534.09,1,3,-1,-1
698,296,1872.29,694.12,94.49,85.89,1,3,-1,-1
699,297,1576.39,269.43,247.95,534.89,1,3,-1,-1
699,296,1871.16,703.30,97.69,102.91,1,3,-1,-1
700,297,1587.04,271.49,249.07,532.95,1,3,-1,-1
700,296,1870.82,708.38,98.39,103.53,1,3,-1,-1
701,297,1596.87,273.78,241.38,534.94,1,3,-1,-1
701,296,1860.05,713.47,119.83,107.39,1,3,-1,-1
702,297,1600.98,274.76,254.22,535.42,1,3,-1,-1
702,296,1880.19,725.17,79.03,120.07,1,3,-1,-1
703,297,1607.97,276.63,252.11,541.98,1,3,-1,-1
703,296,1878.15,727.21,83.50,122.52,1,3,-1,-1
704,297,1598.08,291.11,290.33,555.76,1,3,-1,-1
705,297,1624.86,291.80,256.33,555.26,1,3,-1,-1
706,305,1907.51,720.74,24.98,95.58,1,3,-1,-1
706,297,1638.04,288.56,236.13,555.20,1,3,-1,-1
707,305,1906.15,718.88,27.68,96.86,1,3,-1,-1
707,297,1637.02,285.36,242.19,542.81,1,3,-1,-1
708,297,1650.35,286.60,246.66,544.66,1,3,-1,-1
709,297,1660.59,284.35,258.03,548.06,1,3,-1,-1
710,297,1664.03,289.67,270.85,545.05,1,3,-1,-1
711,297,1667.79,291.44,275.93,547.56,1,3,-1,-1
712,297,1667.43,289.05,265.49,561.04,1,3,-1,-1
713,297,1678.28,291.44,258.66,555.97,1,3,-1,-1
714,297,1684.80,291.53,260.46,553.08,1,3,-1,-1
715,297,1688.72,290.46,253.36,551.19,1,3,-1,-1
716,297,1703.73,291.62,233.13,548.80,1,3,-1,-1
717,297,1703.63,293.07,259.69,547.32,1,3,-1,-1
718,297,1705.75,294.93,271.10,548.80,1,3,-1,-1
719,297,1711.61,295.47,258.12,553.90,1,3,-1,-1
720,297,1725.60,295.63,251.45,557.15,1,3,-1,-1
721,297,1723.74,295.97,252.00,562.30,1,3,-1,-1
722,297,1735.35,298.40,253.64,565.50,1,3,-1,-1
723,297,1740.92,299.06,243.79,561.98,1,3,-1,-1
724,297,1747.39,305.52,246.00,567.40,1,3,-1,-1
725,297,1748.08,307.85,247.63,571.24,1,3,-1,-1
726,297,1758.17,304.42,245.54,579.35,1,3,-1,-1
727,297,1760.85,304.95,241.70,582.61,1,3,-1,-1
728,297,1768.51,307.16,254.79,593.77,1,3,-1,-1
729,297,1772.64,314.28,255.51,593.38,1,3,-1,-1
730,297,1775.14,321.05,258.91,605.60,1,3,-1,-1
731,297,1775.13,325.89,268.53,613.66,1,3,-1,-1
732,297,1785.56,338.77,264.35,612.80,1,3,-1,-1
733,297,1785.71,341.87,267.95,618.25,1,3,-1,-1
734,306,1508.53,646.02,187.16,170.75,1,2,-1,-1
734,297,1790.40,365.26,259.29,607.36,1,3,-1,-1
735,306,1521.19,653.71,183.70,169.06,1,2,-1,-1
736,306,1534.71,659.77,184.54,171.20,1,2,-1,-1
737,306,1545.93,666.06,186.94,174.04,1,2,-1,-1
744,297,1796.19,366.03,247.68,717.63,1,3,-1,-1
745,297,1804.52,365.18,231.03,711.82,1,3,-1,-1
746,307,1833.17,419.10,173.30,590.28,1,3,-1,-1
746,297,1804.98,368.69,230.12,713.87,1,3,-1,-1
747,307,1822.52,367.97,194.88,711.89,1,3,-1,-1
747,297,1770.78,365.85,298.53,725.28,1,3,-1,-1
748,307,1831.09,421.93,177.77,579.26,1,3,-1,-1
748,306,1565.90,698.85,187.22,159.54,1,2,-1,-1
748,297,1777.03,366.82,286.01,717.61,1,3,-1,-1
749,307,1827.82,418.31,184.29,576.25,1,3,-1,-1
749,306,1561.05,697.78,185.11,158.21,1,2,-1,-1
749,297,1777.64,364.82,284.77,708.28,1,3,-1,-1
750,307,1814.93,373.01,209.81,695.87,1,3,-1,-1
750,306,1555.68,695.74,183.52,159.06,1,2,-1,-1
750,297,1763.12,365.11,313.83,722.68,1,3,-1,-1
751,307,1822.86,363.97,194.29,706.84,1,3,-1,-1
751,306,1552.80,696.92,181.65,152.25,1,2,-1,-1
751,297,1772.18,362.25,295.71,719.97,1,3,-1,-1
752,307,1819.51,365.30,201.02,697.29,1,3,-1,-1
752,306,1540.93,692.18,183.90,153.79,1,2,-1,-1
753,307,1812.52,358.66,214.92,692.69,1,3,-1,-1
753,306,1535.74,691.06,181.14,150.06,1,2,-1,-1
754,307,1813.84,390.80,212.47,578.81,1,3,-1,-1
754,306,1526.12,685.20,188.52,156.63,1,2,-1,-1
755,307,1812.06,368.83,215.82,652.00,1,3,-1,-1
755,306,1519.57,680.65,193.05,160.14,1,2,-1,-1
756,307,1808.53,357.12,222.90,639.39,1,3,-1,-1
756,306,1513.40,679.27,193.06,157.27,1,2,-1,-1
757,307,1805.90,349.20,228.07,633.28,1,3,-1,-1
757,306,1501.90,676.24,190.64,156.04,1,2,-1,-1
758,307,1799.41,347.79,241.17,650.39,1,3,-1,-1
758,306,1497.44,673.06,190.42,161.67,1,2,-1,-1
759,307,1794.35,339.02,251.28,642.86,1,3,-1,-1
760,307,1795.08,337.50,249.43,641.97,1,3,-1,-1
761,307,1769.69,330.13,300.61,649.02,1,3,-1,-1
762,307,1791.31,331.55,257.34,635.44,1,3,-1,-1
763,307,1792.30,331.58,254.21,632.46,1,3,-1,-1
764,307,1787.40,330.45,265.04,630.78,1,3,-1,-1
765,307,1787.07,328.22,265.38,631.58,1,3,-1,-1
766,307,1782.73,329.11,271.36,633.71,1,3,-1,-1
767,307,1770.83,327.04,287.59,630.23,1,3,-1,-1
768,307,1767.66,322.51,279.31,616.85,1,3,-1,-1
769,307,1764.75,321.04,279.04,611.48,1,3,-1,-1
770,307,1756.14,322.61,276.86,597.53,1,3,-1,-1
771,307,1753.69,323.08,278.42,602.13,1,3,-1,-1
772,307,1741.15,318.81,270.10,599.42,1,3,-1,-1
773,307,1727.22,318.40,278.00,594.70,1,3,-1,-1
774,307,1721.45,316.44,262.72,592.77,1,3,-1,-1
775,307,1714.38,318.31,265.36,592.63,1,3,-1,-1
776,307,1712.35,318.41,263.13,592.38,1,3,-1,-1
777,307,1706.24,316.13,266.84,588.63,1,3,-1,-1
778,307,1702.73,311.07,263.36,578.92,1,3,-1,-1
779,307,1694.21,313.01,255.30,584.07,1,3,-1,-1
780,307,1690.00,312.00,256.49,583.28,1,3,-1,-1
781,307,1685.90,311.20,258.24,585.07,1,3,-1,-1
782,307,1681.69,310.79,261.10,585.32,1,3,-1,-1
783,307,1676.19,307.91,264.43,579.05,1,3,-1,-1
784,307,1669.92,308.50,274.37,575.79,1,3,-1,-1
785,307,1665.92,306.97,270.50,574.46,1,3,-1,-1
786,307,1661.87,304.81,263.66,571.97,1,3,-1,-1
787,307,1656.78,305.63,272.38,579.69,1,3,-1,-1
788,307,1651.11,303.15,264.90,575.83,1,3,-1,-1
789,307,1644.82,302.33,267.50,575.08,1,3,-1,-1
790,307,1638.77,303.39,263.11,573.95,1,3,-1,-1
791,307,1636.27,298.42,262.03,563.11,1,3,-1,-1
792,307,1634.53,299.41,265.32,564.91,1,3,-1,-1
793,307,1632.34,301.65,262.16,562.96,1,3,-1,-1
794,307,1628.10,298.52,267.99,564.98,1,3,-1,-1
795,307,1623.53,298.84,268.66,567.68,1,3,-1,-1
796,307,1621.21,299.48,266.35,566.58,1,3,-1,-1
797,307,1616.43,295.74,259.53,562.77,1,3,-1,-1
798,307,1613.56,296.14,264.10,557.63,1,3,-1,-1
799,307,1608.70,296.02,260.59,562.98,1,3,-1,-1
800,307,1605.19,295.84,260.16,562.07,1,3,-1,-1
801,307,1597.80,295.26,262.73,562.86,1,3,-1,-1
802,307,1593.73,291.72,261.42,562.96,1,3,-1,-1
803,307,1587.68,294.00,267.42,562.24,1,3,-1,-1
804,309,1894.22,728.65,51.58,99.99,1,3,-1,-1
804,307,1582.65,297.22,261.82,558.61,1,3,-1,-1
805,309,1894.72,727.04,50.59,96.89,1,3,-1,-1
805,307,1577.84,295.51,264.52,561.28,1,3,-1,-1
806,309,1891.12,729.36,57.75,104.01,1,3,-1,-1
806,307,1574.56,294.44,265.06,566.18,1,3,-1,-1
807,309,1886.69,729.39,66.62,104.86,1,3,-1,-1
807,307,1570.25,301.50,265.86,571.20,1,3,-1,-1
808,309,1884.07,732.26,71.84,110.16,1,3,-1,-1
808,307,1564.49,301.80,264.18,572.90,1,3,-1,-1
809,309,1881.79,732.99,76.41,116.66,1,3,-1,-1
809,307,1561.53,304.33,262.46,572.36,1,3,-1,-1
810,309,1880.41,734.10,79.17,118.22,1,3,-1,-1
810,307,1551.92,306.26,261.31,581.22,1,3,-1,-1
811,309,1877.91,737.39,84.18,126.55,1,3,-1,-1
811,307,1546.39,309.33,253.30,590.70,1,3,-1,-1
812,309,1874.68,740.70,90.48,123.39,1,3,-1,-1
812,307,1539.65,314.06,260.18,600.62,1,3,-1,-1
813,309,1870.90,742.95,97.19,123.66,1,3,-1,-1
813,307,1532.92,316.82,259.60,605.63,1,3,-1,-1
814,309,1869.11,747.55,100.58,124.22,1,3,-1,-1
814,307,1525.16,321.01,260.64,605.52,1,3,-1,-1
815,309,1865.96,752.92,107.60,122.30,1,3,-1,-1
815,307,1520.75,323.26,263.82,605.78,1,3,-1,-1
816,309,1861.65,760.98,116.29,116.17,1,3,-1,-1
816,307,1515.58,327.07,259.43,616.00,1,3,-1,-1
817,309,1859.63,767.39,120.72,115.54,1,3,-1,-1
817,307,1508.67,329.71,259.88,618.39,1,3,-1,-1
818,309,1855.01,770.10,129.96,113.93,1,3,-1,-1
818,307,1501.50,329.83,261.45,616.09,1,3,-1,-1
819,309,1849.95,775.66,139.92,115.00,1,3,-1,-1
819,307,1492.35,330.05,259.79,614.66,1,3,-1,-1
820,309,1846.13,779.75,146.75,113.85,1,3,-1,-1
820,307,1480.47,329.41,263.38,609.26,1,3,-1,-1
821,309,1840.36,783.73,150.84,114.44,1,3,-1,-1
821,307,1475.12,333.43,261.65,618.25,1,3,-1,-1
822,309,1834.64,788.36,155.92,115.79,1,3,-1,-1
822,307,1465.94,333.79,260.89,622.00,1,3,-1,-1
823,309,1828.35,792.31,154.83,114.41,1,3,-1,-1
823,307,1455.27,337.70,259.34,627.52,1,3,-1,-1
824,309,1818.95,795.77,157.77,117.36,1,3,-1,-1
824,307,1451.78,334.12,249.89,620.62,1,3,-1,-1
825,309,1813.27,799.16,153.78,116.49,1,3,-1,-1
825,307,1441.75,330.61,259.33,609.67,1,3,-1,-1
826,309,1804.16,802.41,150.31,114.67,1,3,-1,-1
826,307,1433.13,344.62,259.34,638.76,1,3,-1,-1
827,309,1798.32,807.56,155.42,116.54,1,3,-1,-1
827,307,1431.14,341.70,258.95,635.09,1,3,-1,-1
827,306,1010.63,693.61,147.21,169.49,1,2,-1,-1
828,309,1791.21,811.39,157.65,118.22,1,3,-1,-1
828,307,1424.80,347.87,256.72,647.86,1,3,-1,-1
828,306,999.79,697.34,149.81,170.90,1,2,-1,-1
829,309,1784.84,814.30,158.88,118.92,1,3,-1,-1
829,307,1418.00,345.79,251.73,658.08,1,3,-1,-1
829,306,991.63,701.44,145.48,169.44,1,2,-1,-1
830,309,1775.90,817.42,159.25,119.62,1,3,-1,-1
830,307,1410.02,352.55,256.25,670.41,1,3,-1,-1
830,306,986.16,708.21,141.14,160.55,1,2,-1,-1
831,309,1771.67,818.95,168.46,120.80,1,3,-1,-1
831,307,1402.60,344.06,260.13,660.58,1,3,-1,-1
832,309,1757.96,822.62,157.93,119.21,1,3,-1,-1
832,307,1386.31,348.17,268.48,674.29,1,3,-1,-1
833,309,1748.12,825.61,154.24,120.61,1,3,-1,-1
833,307,1363.21,348.54,295.78,667.10,1,3,-1,-1
834,309,1740.51,827.76,154.47,119.75,1,3,-1,-1
834,307,1369.39,353.06,277.70,668.33,1,3,-1,-1
835,309,1733.33,829.48,155.66,120.01,1,3,-1,-1
835,307,1360.88,351.43,272.21,673.21,1,3,-1,-1
836,309,1722.23,830.85,157.30,117.72,1,3,-1,-1
836,307,1358.20,351.87,256.34,672.39,1,3,-1,-1
837,309,1712.15,832.34,153.36,116.28,1,3,-1,-1
837,307,1349.34,350.61,263.86,679.31,1,3,-1,-1
838,309,1700.58,832.84,152.87,119.20,1,3,-1,-1
838,307,1337.92,349.32,260.53,676.08,1,3,-1,-1
839,309,1690.68,834.10,155.50,117.79,1,3,-1,-1
839,307,1325.16,351.92,265.45,673.44,1,3,-1,-1
840,309,1682.98,835.19,155.67,116.55,1,3,-1,-1
840,307,1311.77,348.61,282.56,675.48,1,3,-1,-1
841,309,1671.68,835.52,159.17,119.89,1,3,-1,-1
842,309,1660.97,835.46,158.14,118.64,1,3,-1,-1
843,309,1650.75,835.76,159.11,121.25,1,3,-1,-1
844,309,1644.19,837.07,160.52,118.96,1,3,-1,-1
845,311,1230.25,348.29,356.46,673.81,1,3,-1,-1
845,309,1639.92,837.28,159.70,118.76,1,3,-1,-1
846,311,1239.46,350.94,326.90,675.76,1,3,-1,-1
846,309,1637.85,837.85,161.69,118.84,1,3,-1,-1
847,309,1637.74,837.56,161.74,117.68,1,3,-1,-1
848,309,1636.87,838.27,162.91,117.73,1,3,-1,-1
849,309,1636.51,840.39,161.02,122.04,1,3,-1,-1
850,309,1635.70,841.02,160.97,120.74,1,3,-1,-1
851,309,1636.27,842.31,161.87,121.87,1,3,-1,-1
852,311,1246.29,356.96,331.61,702.53,1,3,-1,-1
852,309,1637.48,843.52,161.58,120.64,1,3,-1,-1
853,311,1241.43,357.67,347.10,707.08,1,3,-1,-1
853,309,1639.50,845.01,159.89,122.60,1,3,-1,-1
854,311,1267.76,357.40,294.35,702.18,1,3,-1,-1
854,309,1641.97,845.42,158.76,121.83,1,3,-1,-1
855,311,1263.33,356.47,308.82,698.27,1,3,-1,-1
855,309,1645.07,846.01,158.95,122.68,1,3,-1,-1
856,311,1274.39,353.32,295.82,685.75,1,3,-1,-1
856,309,1648.94,846.91,159.72,122.17,1,3,-1,-1
857,311,1287.19,357.36,276.69,686.45,1,3,-1,-1
857,309,1651.90,845.73,159.96,121.86,1,3,-1,-1
858,311,1290.52,358.41,278.13,686.27,1,3,-1,-1
858,309,1655.50,843.59,162.21,120.50,1,3,-1,-1
859,311,1296.86,352.64,278.68,682.11,1,3,-1,-1
859,309,1660.49,844.12,166.01,125.17,1,3,-1,-1
860,311,1308.19,356.08,263.12,677.61,1,3,-1,-1
860,309,1667.95,843.38,157.88,124.21,1,3,-1,-1
861,311,1311.47,357.23,263.20,667.06,1,3,-1,-1
861,309,1674.22,841.06,156.08,124.04,1,3,-1,-1
862,311,1321.26,359.43,253.87,664.24,1,3,-1,-1
862,309,1678.36,840.33,154.79,124.77,1,3,-1,-1
863,311,1329.75,360.45,254.70,663.67,1,3,-1,-1
863,309,1684.91,839.25,151.86,122.24,1,3,-1,-1
864,311,1335.70,358.04,245.88,666.25,1,3,-1,-1
864,309,1691.62,836.40,151.64,121.88,1,3,-1,-1
865,311,1343.03,353.96,246.70,665.36,1,3,-1,-1
865,309,1696.60,833.28,155.29,120.61,1,3,-1,-1
866,311,1350.85,351.45,242.56,668.74,1,3,-1,-1
866,309,1703.45,831.62,152.88,121.42,1,3,-1,-1
867,311,1357.26,353.11,244.38,668.66,1,3,-1,-1
867,309,1710.16,830.46,152.21,120.05,1,3,-1,-1
868,311,1360.28,350.42,242.75,664.36,1,3,-1,-1
868,309,1718.37,828.44,145.86,120.20,1,3,-1,-1
869,311,1367.88,352.96,250.93,664.05,1,3,-1,-1
869,309,1725.04,826.83,142.07,119.27,1,3,-1,-1
870,311,1371.38,355.71,254.13,659.40,1,3,-1,-1
870,309,1730.80,826.64,144.31,118.94,1,3,-1,-1
871,311,1382.88,352.00,255.86,665.38,1,3,-1,-1
871,309,1737.68,825.34,144.80,116.59,1,3,-1,-1
872,311,1388.43,350.25,253.25,658.66,1,3,-1,-1
872,309,1742.60,824.98,145.43,116.40,1,3,-1,-1
873,311,1386.32,346.43,269.87,666.68,1,3,-1,-1
873,309,1748.73,826.23,146.59,119.09,1,3,-1,-1
874,311,1397.29,348.07,255.38,661.97,1,3,-1,-1
874,309,1752.20,826.72,150.52,122.11,1,3,-1,-1
875,311,1404.56,346.71,255.05,662.61,1,3,-1,-1
875,309,1762.27,827.07,152.48,122.17,1,3,-1,-1
876,311,1413.89,350.69,257.89,672.23,1,3,-1,-1
876,309,1765.69,828.74,154.26,120.17,1,3,-1,-1
877,311,1412.33,350.45,274.84,676.26,1,3,-1,-1
877,309,1769.29,832.10,151.77,120.18,1,3,-1,-1
878,311,1415.00,351.16,279.21,684.00,1,3,-1,-1
878,309,1773.68,833.00,159.41,120.92,1,3,-1,-1
879,311,1396.68,352.59,332.89,688.31,1,3,-1,-1
879,309,1778.40,834.27,160.00,116.63,1,3,-1,-1
880,311,1378.63,351.45,379.64,684.27,1,3,-1,-1
880,309,1793.84,836.97,138.56,112.01,1,3,-1,-1
881,309,1796.74,842.34,140.99,113.50,1,3,-1,-1
882,309,1802.58,846.70,138.91,111.68,1,3,-1,-1
883,309,1808.83,850.00,135.50,112.05,1,3,-1,-1
884,309,1811.93,854.67,134.53,109.71,1,3,-1,-1
885,309,1816.20,861.60,133.04,109.79,1,3,-1,-1
886,309,1821.05,866.81,137.22,105.48,1,3,-1,-1
887,314,1431.22,363.05,376.78,716.20,1,3,-1,-1
887,309,1823.31,873.78,135.67,109.73,1,3,-1,-1
888,314,1435.56,367.01,375.69,721.35,1,3,-1,-1
888,309,1826.79,879.54,137.67,108.14,1,3,-1,-1
889,314,1442.45,368.73,375.43,728.23,1,3,-1,-1
889,309,1832.89,884.70,134.36,110.21,1,3,-1,-1
890,314,1444.03,370.35,374.29,732.63,1,3,-1,-1
890,309,1836.06,893.01,134.78,109.90,1,3,-1,-1
891,314,1463.19,382.67,341.34,720.34,1,3,-1,-1
891,309,1840.16,899.66,137.06,108.16,1,3,-1,-1
892,314,1465.63,375.59,340.70,737.59,1,3,-1,-1
892,309,1844.76,907.47,139.48,111.02,1,3,-1,-1
893,314,1467.32,383.10,351.21,761.05,1,3,-1,-1
893,309,1845.60,912.64,142.24,110.40,1,3,-1,-1
894,314,1476.05,386.91,342.46,768.24,1,3,-1,-1
894,309,1846.86,921.87,140.55,106.41,1,3,-1,-1
895,314,1482.46,388.32,345.81,769.71,1,3,-1,-1
895,309,1854.06,926.38,128.49,106.82,1,3,-1,-1
896,314,1488.00,392.25,347.08,775.26,1,3,-1,-1
896,309,1856.49,934.79,124.78,105.65,1,3,-1,-1
897,314,1491.34,396.26,343.63,780.21,1,3,-1,-1
897,309,1859.24,939.94,120.84,104.51,1,3,-1,-1
898,314,1499.39,402.39,345.96,787.75,1,3,-1,-1
898,309,1861.94,944.84,114.89,102.43,1,3,-1,-1
899,314,1506.45,404.29,355.34,792.66,1,3,-1,-1
899,309,1863.96,952.02,110.97,101.37,1,3,-1,-1
900,314,1511.11,409.73,352.59,796.46,1,3,-1,-1
900,309,1866.01,954.61,107.86,105.14,1,3,-1,-1
901,314,1515.34,419.28,346.47,793.22,1,3,-1,-1
901,309,1868.88,960.65,101.15,106.37,1,3,-1,-1
902,314,1520.94,416.23,350.27,788.93,1,3,-1,-1
902,309,1871.42,961.40,96.01,109.85,1,3,-1,-1
903,314,1527.94,428.36,356.88,776.66,1,3,-1,-1
903,309,1872.29,964.61,95.27,111.67,1,3,-1,-1
904,314,1543.21,437.52,326.72,774.09,1,3,-1,-1
904,309,1874.98,971.60,90.04,105.90,1,3,-1,-1
905,314,1553.33,444.86,329.00,766.12,1,3,-1,-1
905,309,1879.09,972.81,81.64,113.47,1,3,-1,-1
906,314,1553.84,444.44,343.09,772.24,1,3,-1,-1
906,309,1882.18,966.08,75.20,128.00,1,3,-1,-1
907,314,1566.62,469.69,326.63,732.28,1,3,-1,-1
907,309,1884.67,976.56,70.68,115.86,1,3,-1,-1
908,314,1576.29,455.50,320.38,761.45,1,3,-1,-1
908,309,1883.76,981.22,72.51,111.08,1,3,-1,-1
909,314,1578.75,449.04,327.90,776.61,1,3,-1,-1
909,309,1889.32,990.77,61.38,96.62,1,3,-1,-1
910,314,1584.95,457.08,324.79,767.46,1,3,-1,-1
910,309,1894.88,990.17,50.28,98.44,1,3,-1,-1
911,314,1597.74,479.45,311.94,723.75,1,3,-1,-1
911,309,1888.02,991.31,64.00,98.31,1,3,-1,-1
912,314,1617.34,487.92,289.53,719.81,1,3,-1,-1
912,309,1886.17,999.43,67.67,89.70,1,3,-1,-1
913,314,1640.99,527.52,263.90,647.26,1,3,-1,-1
913,309,1888.03,999.20,63.97,83.91,1,3,-1,-1
914,314,1649.69,532.18,267.66,651.44,1,3,-1,-1
916,316,1588.00,156.96,279.21,162.07,1,3,-1,-1
920,314,1691.38,563.30,262.54,609.08,1,3,-1,-1
921,314,1696.74,554.67,264.40,626.79,1,3,-1,-1
922,316,1632.84,171.12,269.03,168.49,1,3,-1,-1
922,314,1704.61,559.75,272.34,639.77,1,3,-1,-1
923,316,1642.39,171.38,266.37,168.90,1,3,-1,-1
923,314,1703.56,527.09,283.56,697.95,1,3,-1,-1
924,316,1652.33,174.81,272.30,167.10,1,3,-1,-1
924,314,1704.32,474.99,292.84,799.92,1,3,-1,-1
925,316,1654.38,176.25,264.27,163.14,1,3,-1,-1
925,314,1709.02,521.92,289.25,703.39,1,3,-1,-1
926,316,1663.95,179.30,260.87,164.82,1,3,-1,-1
926,314,1735.53,560.95,244.19,635.77,1,3,-1,-1
927,316,1671.13,182.54,260.45,164.51,1,3,-1,-1
927,314,1728.56,521.49,262.28,725.66,1,3,-1,-1
928,316,1680.32,183.97,271.97,163.57,1,3,-1,-1
929,316,1687.74,188.46,267.13,168.64,1,3,-1,-1
934,314,1757.39,546.84,323.85,869.71,1,3,-1,-1
935,314,1762.56,497.02,313.26,821.06,1,3,-1,-1
936,314,1765.58,513.79,308.92,824.18,1,3,-1,-1
937,314,1768.56,515.43,302.96,828.18,1,3,-1,-1
938,314,1774.83,503.45,290.41,875.67,1,3,-1,-1
939,314,1775.08,540.89,289.91,857.23,1,3,-1,-1
940,314,1774.72,550.97,290.64,837.38,1,3,-1,-1
941,314,1782.97,539.74,274.14,804.41,1,3,-1,-1
942,314,1785.01,544.97,270.05,792.55,1,3,-1,-1
943,314,1785.12,573.30,269.81,842.57,1,3,-1,-1
944,314,1800.40,551.28,239.28,791.08,1,3,-1,-1
945,314,1802.00,577.53,236.07,834.83,1,3,-1,-1
946,314,1807.54,579.98,225.01,821.55,1,3,-1,-1
947,314,1807.86,592.50,224.35,848.40,1,3,-1,-1
948,314,1811.50,594.39,217.07,841.39,1,3,-1,-1
949,314,1819.20,620.23,201.69,866.65,1,3,-1,-1
950,314,1823.70,614.32,192.66,856.63,1,3,-1,-1
951,314,1828.02,627.13,184.04,861.20,1,3,-1,-1
952,314,1822.72,639.21,194.60,869.94,1,3,-1,-1
953,314,1826.48,641.62,187.09,866.14,1,3,-1,-1
954,314,1835.06,640.35,169.94,867.23,1,3,-1,-1
955,314,1836.41,640.44,167.25,861.42,1,3,-1,-1
961,314,1848.89,648.55,142.24,862.98,1,3,-1,-1
