1,152,1107.41,707.61,266.25,194.51,1,3,-1,-1
2,152,1134.52,705.64,267.43,196.98,1,3,-1,-1
3,152,1134.55,705.51,267.44,196.74,1,3,-1,-1
4,152,1161.75,702.67,268.43,194.98,1,3,-1,-1
5,152,1189.21,700.67,270.71,193.02,1,3,-1,-1
6,152,1215.03,698.97,271.28,192.40,1,3,-1,-1
7,152,1242.21,697.02,271.71,197.23,1,3,-1,-1
8,152,1267.96,694.97,270.14,198.55,1,3,-1,-1
9,152,1268.05,694.97,270.12,198.53,1,3,-1,-1
10,152,1296.81,695.04,266.56,195.98,1,3,-1,-1
11,152,1325.13,693.77,264.97,196.55,1,3,-1,-1
12,152,1350.60,690.89,268.68,199.57,1,3,-1,-1
13,152,1376.93,693.02,267.01,195.53,1,3,-1,-1
14,152,1399.49,693.42,265.87,196.71,1,3,-1,-1
15,152,1399.66,693.41,265.88,196.73,1,3,-1,-1
16,152,1422.65,695.05,262.17,197.54,1,3,-1,-1
17,152,1444.61,697.20,260.41,200.64,1,3,-1,-1
18,152,1466.60,701.38,256.64,201.37,1,3,-1,-1
19,152,1487.10,702.96,259.31,200.82,1,3,-1,-1
20,152,1508.29,704.35,260.86,199.38,1,3,-1,-1
21,152,1508.48,704.36,260.90,199.39,1,3,-1,-1
22,152,1528.19,707.98,261.44,200.76,1,3,-1,-1
23,152,1566.71,716.30,255.39,194.30,1,3,-1,-1
24,152,1583.92,719.89,253.28,200.41,1,3,-1,-1
25,152,1599.59,724.23,256.36,199.88,1,3,-1,-1
26,152,1614.83,728.75,255.02,200.63,1,3,-1,-1
27,152,1614.98,728.81,254.99,200.64,1,3,-1,-1
28,152,1630.76,734.26,253.21,202.78,1,3,-1,-1
29,152,1642.48,739.29,251.97,201.53,1,3,-1,-1
30,152,1655.58,745.81,250.02,200.64,1,3,-1,-1
31,152,1655.71,745.88,249.99,200.65,1,3,-1,-1
32,152,1667.81,747.89,249.15,205.96,1,3,-1,-1
33,152,1667.94,747.91,249.14,206.00,1,3,-1,-1
34,152,1677.62,752.26,250.04,202.72,1,3,-1,-1
35,152,1684.28,756.06,248.96,203.79,1,3,-1,-1
36,152,1689.51,759.17,251.04,202.93,1,3,-1,-1
37,152,1696.12,763.86,247.81,198.40,1,3,-1,-1
38,152,1701.32,766.51,247.64,202.14,1,3,-1,-1
39,152,1701.37,766.54,247.62,202.18,1,3,-1,-1
40,152,1705.90,770.11,246.46,200.96,1,3,-1,-1
41,152,1706.98,771.20,246.06,203.38,1,3,-1,-1
42,152,1710.43,772.93,245.57,202.44,1,3,-1,-1
43,152,1712.94,775.10,245.68,202.50,1,3,-1,-1
44,152,1716.06,775.89,248.43,203.88,1,3,-1,-1
45,152,1716.11,775.94,248.44,203.85,1,3,-1,-1
46,152,1717.11,778.95,247.06,204.63,1,3,-1,-1
47,152,1717.42,780.09,247.09,205.08,1,3,-1,-1
48,152,1718.52,782.55,246.19,203.86,1,3,-1,-1
49,152,1718.97,783.07,245.94,206.97,1,3,-1,-1
50,152,1718.98,784.76,246.91,205.47,1,3,-1,-1
51,152,1718.96,784.74,246.85,205.43,1,3,-1,-1
52,152,1719.05,785.21,246.50,204.89,1,3,-1,-1
53,152,1718.87,786.75,246.26,201.58,1,3,-1,-1
54,152,1718.63,787.20,247.92,206.40,1,3,-1,-1
55,152,1718.87,787.82,247.44,206.40,1,3,-1,-1
56,152,1719.06,787.61,247.97,206.67,1,3,-1,-1
57,152,1719.05,787.62,248.02,206.65,1,3,-1,-1
58,152,1719.31,787.52,248.26,205.30,1,3,-1,-1
59,152,1719.57,786.02,248.16,206.87,1,3,-1,-1
60,152,1721.45,784.48,252.57,206.91,1,3,-1,-1
61,152,1721.43,784.44,252.48,206.92,1,3,-1,-1
62,152,1720.39,781.17,253.95,203.35,1,3,-1,-1
63,152,1720.36,781.14,253.90,203.29,1,3,-1,-1
64,152,1721.78,778.76,255.39,203.84,1,3,-1,-1
65,152,1721.27,776.26,256.53,202.61,1,3,-1,-1
66,152,1723.38,772.96,259.22,203.25,1,3,-1,-1
67,152,1724.22,770.29,260.93,202.00,1,3,-1,-1
68,152,1725.29,766.00,259.99,201.39,1,3,-1,-1
69,152,1725.29,765.96,259.97,201.37,1,3,-1,-1
70,152,1726.87,760.26,259.06,200.51,1,3,-1,-1
71,152,1722.83,755.80,260.65,200.55,1,3,-1,-1
72,152,1723.83,750.40,261.41,200.44,1,3,-1,-1
73,152,1723.19,744.21,264.42,199.71,1,3,-1,-1
74,152,1720.96,735.56,259.95,199.30,1,3,-1,-1
75,152,1720.94,735.48,259.90,199.27,1,3,-1,-1
76,152,1720.26,729.44,260.31,198.98,1,3,-1,-1
77,152,1719.34,722.21,264.44,197.75,1,3,-1,-1
78,152,1714.78,714.65,261.82,194.28,1,3,-1,-1
79,152,1712.68,705.84,262.18,195.72,1,3,-1,-1
80,152,1709.73,696.60,260.73,196.45,1,3,-1,-1
81,152,1709.68,696.54,260.69,196.47,1,3,-1,-1
82,152,1707.83,687.67,265.28,196.54,1,3,-1,-1
83,152,1703.61,679.29,263.28,195.99,1,3,-1,-1
84,152,1701.60,670.50,264.60,192.87,1,3,-1,-1
85,152,1696.39,650.30,268.34,192.06,1,3,-1,-1
86,152,1694.52,639.65,272.10,197.11,1,3,-1,-1
87,152,1694.53,639.49,272.09,197.23,1,3,-1,-1
88,152,1692.34,630.18,273.27,197.79,1,3,-1,-1
89,152,1692.33,630.06,273.27,197.79,1,3,-1,-1
90,152,1690.48,619.78,271.85,194.85,1,3,-1,-1
91,152,1687.87,611.03,274.89,194.70,1,3,-1,-1
92,152,1685.12,602.23,274.61,192.78,1,3,-1,-1
93,152,1685.07,602.16,274.57,192.71,1,3,-1,-1
94,152,1682.98,593.40,277.87,192.96,1,3,-1,-1
95,152,1679.10,582.40,273.27,196.59,1,3,-1,-1
96,152,1676.78,573.66,276.78,196.57,1,3,-1,-1
97,152,1672.39,563.21,276.68,193.33,1,3,-1,-1
98,152,1669.86,554.30,276.57,193.70,1,3,-1,-1
99,152,1669.87,554.24,276.62,193.66,1,3,-1,-1
100,152,1667.72,546.67,278.59,192.12,1,3,-1,-1
101,152,1665.79,537.65,280.29,197.35,1,3,-1,-1
102,152,1662.30,529.55,282.52,193.00,1,3,-1,-1
103,152,1660.53,522.90,281.52,191.21,1,3,-1,-1
104,152,1656.87,515.69,281.57,191.54,1,3,-1,-1
105,152,1656.82,515.63,281.53,191.49,1,3,-1,-1
106,152,1653.57,504.51,282.93,189.75,1,3,-1,-1
107,152,1649.75,495.91,281.67,191.07,1,3,-1,-1
108,152,1647.32,491.27,283.71,189.77,1,3,-1,-1
109,152,1642.75,483.94,286.66,194.77,1,3,-1,-1
110,152,1637.51,481.73,285.25,189.48,1,3,-1,-1
111,152,1637.47,481.72,285.28,189.38,1,3,-1,-1
112,152,1631.11,480.86,284.32,191.48,1,3,-1,-1
113,152,1625.23,481.40,283.94,194.44,1,3,-1,-1
114,152,1618.09,484.09,283.01,193.47,1,3,-1,-1
115,152,1612.21,489.25,282.69,194.89,1,3,-1,-1
116,152,1604.49,491.79,283.84,194.84,1,3,-1,-1
117,152,1604.40,491.75,283.92,195.00,1,3,-1,-1
118,152,1585.08,504.47,282.90,194.72,1,3,-1,-1
119,152,1576.05,513.40,285.15,196.62,1,3,-1,-1
120,152,1567.97,522.26,289.30,193.67,1,3,-1,-1
121,152,1567.87,522.37,289.20,193.58,1,3,-1,-1
122,152,1559.26,530.75,291.50,194.88,1,3,-1,-1
123,152,1559.15,530.70,291.43,194.64,1,3,-1,-1
124,152,1559.20,530.71,291.51,194.63,1,3,-1,-1
125,152,1550.38,536.51,284.93,199.38,1,3,-1,-1
126,152,1539.31,544.48,284.58,195.20,1,3,-1,-1
127,152,1521.85,560.25,285.48,199.00,1,3,-1,-1
128,152,1515.35,570.87,282.85,195.86,1,3,-1,-1
129,152,1515.34,570.87,282.79,195.93,1,3,-1,-1
130,152,1509.47,577.81,285.25,199.97,1,3,-1,-1
131,152,1502.82,585.85,283.26,202.62,1,3,-1,-1
132,152,1497.69,593.87,280.08,197.65,1,3,-1,-1
133,152,1493.11,602.52,285.81,199.54,1,3,-1,-1
134,152,1489.92,609.17,285.45,201.02,1,3,-1,-1
135,152,1489.89,609.25,285.45,201.03,1,3,-1,-1
136,152,1488.63,620.26,285.39,198.66,1,3,-1,-1
137,152,1485.74,626.27,284.11,201.05,1,3,-1,-1
138,152,1484.39,631.87,284.76,200.88,1,3,-1,-1
139,152,1481.17,636.69,285.44,201.88,1,3,-1,-1
140,152,1480.71,641.10,283.03,201.94,1,3,-1,-1
141,152,1480.70,641.16,283.00,201.93,1,3,-1,-1
142,152,1481.70,646.02,280.45,201.75,1,3,-1,-1
143,152,1486.47,650.44,287.58,199.90,1,3,-1,-1
144,152,1487.36,655.11,285.60,198.97,1,3,-1,-1
145,152,1488.96,658.14,283.58,200.54,1,3,-1,-1
146,152,1493.75,660.72,285.53,199.94,1,3,-1,-1
147,152,1493.75,660.71,285.60,200.00,1,3,-1,-1
148,152,1498.37,666.28,285.65,200.74,1,3,-1,-1
149,152,1508.40,672.55,284.44,198.10,1,3,-1,-1
150,152,1513.78,677.07,283.45,201.13,1,3,-1,-1
151,152,1513.81,677.12,283.32,201.15,1,3,-1,-1
152,152,1520.79,679.53,283.28,201.11,1,3,-1,-1
153,152,1520.87,679.52,283.34,201.04,1,3,-1,-1
154,152,1522.68,683.08,281.43,201.80,1,3,-1,-1
155,152,1525.87,688.00,282.67,205.57,1,3,-1,-1
156,152,1530.79,693.37,283.04,200.25,1,3,-1,-1
157,152,1532.29,695.74,286.55,197.08,1,3,-1,-1
158,152,1536.02,700.49,283.55,200.86,1,3,-1,-1
159,152,1536.04,700.55,283.47,200.91,1,3,-1,-1
160,152,1537.59,704.24,284.66,199.22,1,3,-1,-1
161,152,1540.25,709.52,282.02,196.94,1,3,-1,-1
162,152,1540.10,714.07,280.06,201.05,1,3,-1,-1
163,152,1540.58,723.47,283.15,199.65,1,3,-1,-1
164,152,1539.01,728.96,279.47,200.38,1,3,-1,-1
165,152,1538.98,728.99,279.45,200.44,1,3,-1,-1
166,152,1537.05,734.13,279.18,200.83,1,3,-1,-1
167,152,1536.88,741.81,280.56,198.61,1,3,-1,-1
168,152,1535.28,749.11,277.52,201.79,1,3,-1,-1
169,152,1533.54,757.69,274.76,198.59,1,3,-1,-1
170,152,1528.77,764.29,275.46,202.01,1,3,-1,-1
171,152,1528.72,764.28,275.48,201.92,1,3,-1,-1
172,152,1527.48,771.34,274.78,202.11,1,3,-1,-1
173,152,1524.15,777.16,275.12,206.21,1,3,-1,-1
174,152,1518.82,785.19,270.46,204.26,1,3,-1,-1
175,152,1508.71,799.43,274.55,202.43,1,3,-1,-1
176,152,1500.76,807.02,274.15,203.65,1,3,-1,-1
177,152,1500.77,807.10,274.00,203.62,1,3,-1,-1
178,152,1496.40,812.81,269.10,201.91,1,3,-1,-1
179,152,1487.45,819.92,269.60,206.19,1,3,-1,-1
180,152,1479.48,824.19,267.47,206.89,1,3,-1,-1
181,152,1479.41,824.25,267.48,206.95,1,3,-1,-1
182,152,1470.41,829.76,263.16,207.22,1,3,-1,-1
183,152,1470.34,829.83,263.19,207.24,1,3,-1,-1
184,152,1464.22,834.73,269.22,206.42,1,3,-1,-1
185,152,1455.48,840.79,272.86,206.92,1,3,-1,-1
186,152,1448.90,843.05,271.94,208.01,1,3,-1,-1
187,152,1435.69,848.27,267.70,206.90,1,3,-1,-1
188,152,1424.99,851.62,261.63,205.80,1,3,-1,-1
189,152,1424.86,851.65,261.54,205.83,1,3,-1,-1
190,152,1415.23,855.86,265.21,204.97,1,3,-1,-1
191,152,1407.27,854.31,268.09,203.22,1,3,-1,-1
192,152,1395.92,856.45,264.33,206.96,1,3,-1,-1
193,152,1387.01,857.03,263.12,208.15,1,3,-1,-1
194,152,1376.24,859.05,262.35,208.05,1,3,-1,-1
195,152,1376.11,859.08,262.35,207.95,1,3,-1,-1
196,152,1364.77,860.02,262.13,206.74,1,3,-1,-1
197,152,1357.09,856.94,263.01,207.36,1,3,-1,-1
198,152,1349.26,857.73,264.95,206.61,1,3,-1,-1
199,152,1342.60,855.25,266.51,205.02,1,3,-1,-1
200,152,1337.81,852.65,265.82,203.71,1,3,-1,-1
201,152,1337.75,852.63,265.83,203.68,1,3,-1,-1
202,152,1329.80,849.53,265.37,205.76,1,3,-1,-1
203,152,1322.61,846.52,266.61,205.92,1,3,-1,-1
204,152,1314.68,842.89,262.18,203.98,1,3,-1,-1
205,152,1310.24,840.19,262.51,210.31,1,3,-1,-1
206,152,1304.74,835.06,258.40,210.29,1,3,-1,-1
207,152,1304.48,834.73,258.85,210.50,1,3,-1,-1
208,152,1300.49,831.75,256.38,206.99,1,3,-1,-1
209,152,1295.31,829.94,259.71,206.78,1,3,-1,-1
210,152,1289.84,825.29,260.35,210.99,1,3,-1,-1
211,152,1282.93,820.44,259.19,207.58,1,3,-1,-1
212,152,1281.92,818.75,265.01,207.74,1,3,-1,-1
213,152,1281.86,818.74,264.94,207.74,1,3,-1,-1
214,152,1278.06,817.65,257.15,206.31,1,3,-1,-1
215,152,1275.78,815.17,255.09,207.08,1,3,-1,-1
216,152,1274.64,809.62,256.98,209.05,1,3,-1,-1
217,152,1271.74,806.21,259.42,207.18,1,3,-1,-1
218,152,1269.48,803.37,264.16,206.12,1,3,-1,-1
219,152,1269.56,803.30,264.25,206.06,1,3,-1,-1
220,152,1265.25,798.88,265.04,207.05,1,3,-1,-1
221,152,1259.49,796.40,266.61,206.19,1,3,-1,-1
222,152,1256.47,794.17,261.68,209.43,1,3,-1,-1
223,152,1255.49,792.23,261.66,211.68,1,3,-1,-1
224,152,1250.87,789.62,254.93,212.96,1,3,-1,-1
225,152,1250.81,789.52,254.89,212.84,1,3,-1,-1
226,152,1249.16,787.57,260.59,213.67,1,3,-1,-1
227,152,1246.20,786.13,261.34,212.57,1,3,-1,-1
228,152,1246.45,784.44,261.10,216.43,1,3,-1,-1
229,152,1240.44,783.40,263.84,214.55,1,3,-1,-1
230,152,1234.56,784.24,257.11,213.39,1,3,-1,-1
231,152,1234.51,784.27,257.05,213.41,1,3,-1,-1
232,152,1229.83,785.79,257.79,212.83,1,3,-1,-1
233,152,1225.31,782.96,255.22,212.33,1,3,-1,-1
234,152,1221.65,786.92,259.76,217.39,1,3,-1,-1
235,152,1216.08,785.09,259.52,217.50,1,3,-1,-1
236,152,1204.66,786.77,258.40,220.82,1,3,-1,-1
237,152,1204.54,786.80,258.40,220.75,1,3,-1,-1
238,152,1197.83,791.55,255.26,215.21,1,3,-1,-1
239,152,1197.73,791.58,255.23,215.06,1,3,-1,-1
240,152,1192.54,795.62,257.69,216.31,1,3,-1,-1
241,152,1183.82,800.38,256.44,218.17,1,3,-1,-1
242,152,1182.23,804.72,253.99,214.36,1,3,-1,-1
243,152,1182.17,804.73,253.86,214.31,1,3,-1,-1
244,152,1176.25,810.51,250.40,216.37,1,3,-1,-1
245,152,1168.55,815.67,255.42,218.17,1,3,-1,-1
246,152,1161.86,819.03,253.40,216.62,1,3,-1,-1
247,152,1156.69,823.51,256.25,215.92,1,3,-1,-1
248,152,1150.63,826.26,256.92,216.39,1,3,-1,-1
249,152,1150.65,826.28,257.15,216.40,1,3,-1,-1
250,152,1141.76,834.38,248.92,220.55,1,3,-1,-1
251,152,1134.75,840.66,250.82,218.40,1,3,-1,-1
252,152,1129.41,847.96,253.24,216.46,1,3,-1,-1
253,152,1122.84,852.99,250.10,213.65,1,3,-1,-1
254,152,1111.56,861.17,253.95,217.48,1,3,-1,-1
255,152,1111.47,861.22,253.97,217.51,1,3,-1,-1
256,152,1110.33,866.42,252.58,211.95,1,3,-1,-1
257,152,1101.86,873.01,258.30,220.74,1,3,-1,-1
258,152,1090.06,878.14,248.71,216.55,1,3,-1,-1
259,152,1085.07,885.92,253.94,218.07,1,3,-1,-1
260,152,1078.39,892.52,257.71,218.20,1,3,-1,-1
261,152,1078.33,892.56,257.78,218.27,1,3,-1,-1
262,152,1066.53,898.04,251.53,215.64,1,3,-1,-1
263,152,1061.37,901.21,256.28,214.08,1,3,-1,-1
264,152,1053.16,909.00,257.31,212.65,1,3,-1,-1
265,152,1043.19,915.17,247.28,209.34,1,3,-1,-1
266,152,1039.69,920.27,252.55,215.22,1,3,-1,-1
267,152,1039.65,920.29,252.59,215.32,1,3,-1,-1
268,152,1032.46,923.48,252.96,206.29,1,3,-1,-1
269,152,1021.06,931.95,251.63,209.82,1,3,-1,-1
270,152,1016.51,936.58,254.45,212.51,1,3,-1,-1
271,152,1010.04,938.75,255.86,216.51,1,3,-1,-1
272,152,1001.65,942.50,255.39,211.59,1,3,-1,-1
273,152,1001.58,942.51,255.43,211.56,1,3,-1,-1
274,152,991.38,948.98,254.99,207.44,1,3,-1,-1
275,152,988.63,950.21,258.76,209.81,1,3,-1,-1
276,152,982.17,958.06,257.14,208.21,1,3,-1,-1
277,152,978.90,962.40,257.03,219.86,1,3,-1,-1
278,152,970.20,962.46,254.65,210.36,1,3,-1,-1
279,152,970.14,962.49,254.67,210.32,1,3,-1,-1
280,152,968.42,962.48,259.51,213.78,1,3,-1,-1
281,152,964.23,965.99,258.81,217.87,1,3,-1,-1
282,152,960.45,965.51,263.12,214.60,1,3,-1,-1
283,152,952.54,968.75,254.13,217.78,1,3,-1,-1
284,152,947.66,968.88,254.03,215.60,1,3,-1,-1
285,152,947.64,968.88,253.92,215.58,1,3,-1,-1
286,152,942.42,969.29,258.48,219.07,1,3,-1,-1
287,152,941.35,968.81,256.26,219.08,1,3,-1,-1
288,152,938.22,969.98,259.34,220.06,1,3,-1,-1
289,152,934.21,969.30,262.04,220.33,1,3,-1,-1
290,152,928.20,969.21,260.51,220.00,1,3,-1,-1
291,152,928.15,969.21,260.54,220.02,1,3,-1,-1
292,152,923.21,968.64,256.15,221.96,1,3,-1,-1
293,152,920.30,966.99,259.00,222.40,1,3,-1,-1
294,152,916.11,966.31,267.30,222.51,1,3,-1,-1
295,152,913.49,966.59,264.60,223.38,1,3,-1,-1
296,152,909.47,963.95,261.01,223.57,1,3,-1,-1
297,152,909.43,963.93,260.94,223.57,1,3,-1,-1
298,152,900.27,960.16,262.69,221.17,1,3,-1,-1
299,152,894.04,957.56,259.50,219.37,1,3,-1,-1
300,152,894.05,957.60,259.52,219.44,1,3,-1,-1
301,152,892.47,951.85,262.14,210.59,1,3,-1,-1
302,152,889.02,947.55,265.32,208.85,1,3,-1,-1
303,152,889.00,947.52,265.25,208.86,1,3,-1,-1
304,152,884.78,946.36,267.93,212.31,1,3,-1,-1
305,152,878.96,942.17,261.67,212.33,1,3,-1,-1
306,152,875.78,937.26,266.42,215.26,1,3,-1,-1
307,152,868.60,933.17,263.10,214.99,1,3,-1,-1
308,152,862.51,930.85,263.34,216.76,1,3,-1,-1
309,152,862.42,930.79,263.73,216.93,1,3,-1,-1
310,152,861.55,924.92,267.48,217.13,1,3,-1,-1
311,152,857.06,921.63,265.06,216.38,1,3,-1,-1
312,152,855.04,915.68,256.12,213.70,1,3,-1,-1
313,152,847.22,910.84,257.21,215.57,1,3,-1,-1
314,152,846.48,907.03,260.08,215.21,1,3,-1,-1
315,152,846.49,907.04,260.15,215.23,1,3,-1,-1
316,152,846.07,901.50,261.35,219.15,1,3,-1,-1
317,152,844.32,896.48,261.33,216.29,1,3,-1,-1
318,152,842.49,888.27,260.06,219.15,1,3,-1,-1
319,152,840.06,882.96,260.85,220.23,1,3,-1,-1
320,152,838.03,875.48,265.57,221.11,1,3,-1,-1
321,152,838.03,875.42,265.55,221.13,1,3,-1,-1
322,152,837.23,869.53,262.54,219.76,1,3,-1,-1
323,152,833.24,864.00,266.23,218.08,1,3,-1,-1
324,152,831.88,858.66,268.03,221.68,1,3,-1,-1
325,152,827.41,852.62,270.40,222.23,1,3,-1,-1
326,152,823.28,846.42,270.02,225.42,1,3,-1,-1
327,152,823.25,846.34,270.02,225.55,1,3,-1,-1
328,152,819.83,839.08,270.53,225.73,1,3,-1,-1
329,152,816.89,834.17,265.68,223.43,1,3,-1,-1
330,152,813.56,828.25,270.43,225.46,1,3,-1,-1
331,152,811.10,822.32,267.73,224.82,1,3,-1,-1
332,152,808.03,817.96,276.11,228.28,1,3,-1,-1
333,152,808.00,817.92,276.16,228.32,1,3,-1,-1
334,152,801.60,813.09,269.51,223.96,1,3,-1,-1
335,152,793.57,807.14,269.25,225.26,1,3,-1,-1
336,152,790.90,801.65,271.73,221.92,1,3,-1,-1
337,152,787.39,794.81,274.96,228.15,1,3,-1,-1
338,152,783.12,790.76,274.07,227.15,1,3,-1,-1
339,152,783.09,790.73,274.08,227.15,1,3,-1,-1
340,152,774.99,785.83,267.79,227.57,1,3,-1,-1
344,154,761.10,763.87,271.41,221.84,1,0,-1,-1
345,154,761.06,763.82,271.40,221.75,1,0,-1,-1
346,154,750.04,758.22,267.37,226.62,1,0,-1,-1
347,154,745.39,753.40,269.88,226.70,1,0,-1,-1
348,154,741.51,747.28,278.78,225.63,1,0,-1,-1
349,154,734.52,740.91,277.32,224.64,1,0,-1,-1
350,154,723.80,738.51,274.72,225.61,1,0,-1,-1
351,154,723.72,738.48,274.72,225.54,1,0,-1,-1
352,154,717.68,732.84,274.99,221.39,1,0,-1,-1
353,154,709.45,730.65,274.72,224.78,1,0,-1,-1
354,154,698.76,727.06,274.05,221.98,1,0,-1,-1
355,154,692.10,724.37,276.56,224.87,1,0,-1,-1
356,154,686.06,718.20,280.95,219.26,1,0,-1,-1
357,154,685.98,718.13,281.08,219.21,1,0,-1,-1
358,154,675.93,715.31,274.75,222.44,1,0,-1,-1
359,154,670.05,712.78,272.84,224.48,1,0,-1,-1
360,154,656.29,702.48,271.96,224.24,1,0,-1,-1
361,154,656.15,702.32,271.98,224.29,1,0,-1,-1
362,154,649.35,699.37,268.10,229.05,1,0,-1,-1
363,154,649.28,699.35,268.04,229.11,1,0,-1,-1
364,154,644.20,693.31,273.39,223.13,1,0,-1,-1
365,154,638.59,688.33,274.16,223.69,1,0,-1,-1
366,154,631.15,683.48,279.19,219.84,1,0,-1,-1
367,154,622.87,684.93,273.08,224.93,1,0,-1,-1
368,154,618.72,675.49,274.88,216.77,1,0,-1,-1
369,154,618.71,675.52,274.98,216.90,1,0,-1,-1
370,154,610.71,672.70,268.20,220.82,1,0,-1,-1
371,154,608.11,668.93,269.06,219.76,1,0,-1,-1
372,154,603.69,661.10,270.17,216.68,1,0,-1,-1
373,154,601.01,657.79,270.33,216.02,1,0,-1,-1
374,154,593.17,652.76,271.29,216.58,1,0,-1,-1
375,154,593.11,652.76,271.38,216.67,1,0,-1,-1
376,154,589.72,645.46,268.27,212.66,1,0,-1,-1
377,154,584.54,642.70,263.66,209.82,1,0,-1,-1
378,154,580.12,646.78,272.33,224.18,1,0,-1,-1
379,154,575.31,636.39,270.13,212.80,1,0,-1,-1
380,154,573.69,633.58,269.88,214.80,1,0,-1,-1
381,154,573.67,633.45,269.96,214.75,1,0,-1,-1
382,154,573.00,629.37,277.43,207.89,1,0,-1,-1
383,154,562.10,624.46,260.54,200.13,1,0,-1,-1
384,154,561.28,624.87,263.71,212.73,1,0,-1,-1
385,154,556.67,627.26,261.23,205.53,1,0,-1,-1
386,154,552.05,625.13,263.06,216.55,1,0,-1,-1
387,154,551.95,625.13,263.16,216.46,1,0,-1,-1
388,154,542.74,627.58,268.05,220.48,1,0,-1,-1
395,154,507.61,611.00,262.80,200.52,1,0,-1,-1
396,154,507.59,611.02,262.68,200.58,1,0,-1,-1
397,154,507.60,610.88,262.63,200.27,1,0,-1,-1
454,155,865.29,522.72,264.32,209.58,1,3,-1,-1
455,155,880.58,537.13,272.99,195.21,1,3,-1,-1
456,155,886.70,545.01,254.17,184.33,1,3,-1,-1
457,155,898.92,551.87,270.91,183.51,1,3,-1,-1
458,155,904.86,561.11,265.15,183.93,1,3,-1,-1
459,155,904.91,561.14,264.99,183.88,1,3,-1,-1
460,155,909.86,572.34,249.84,186.75,1,3,-1,-1
461,155,920.50,586.27,255.55,200.99,1,3,-1,-1
462,155,926.47,594.78,254.32,203.72,1,3,-1,-1
463,155,929.98,611.86,252.83,214.44,1,3,-1,-1
464,155,936.54,619.75,261.74,216.04,1,3,-1,-1
465,155,936.60,619.78,261.75,216.03,1,3,-1,-1
466,155,940.13,626.70,263.05,207.97,1,3,-1,-1
467,155,942.93,636.78,260.05,206.40,1,3,-1,-1
468,155,945.62,641.05,260.75,199.43,1,3,-1,-1
469,155,949.48,655.49,263.76,202.83,1,3,-1,-1
470,155,951.40,667.20,265.54,205.16,1,3,-1,-1
471,155,951.41,667.26,265.60,205.15,1,3,-1,-1
472,155,953.41,679.79,268.00,211.68,1,3,-1,-1
473,155,956.82,689.53,264.13,211.36,1,3,-1,-1
474,155,957.77,698.41,269.25,208.81,1,3,-1,-1
475,155,959.40,709.84,267.13,206.32,1,3,-1,-1
476,155,960.82,718.35,268.33,203.31,1,3,-1,-1
477,155,960.80,718.47,268.36,203.20,1,3,-1,-1
478,155,962.56,729.30,267.29,206.05,1,3,-1,-1
479,155,962.77,743.26,267.77,220.21,1,3,-1,-1
480,155,962.74,755.88,272.86,219.99,1,3,-1,-1
486,155,967.42,812.07,273.47,223.14,1,3,-1,-1
487,155,960.24,826.93,273.63,221.21,1,3,-1,-1
488,155,955.31,837.83,272.18,229.46,1,3,-1,-1
489,155,955.33,837.92,272.27,229.51,1,3,-1,-1
490,155,947.62,854.34,266.84,230.14,1,3,-1,-1
491,155,942.03,863.76,260.10,228.90,1,3,-1,-1
500,156,823.85,943.36,268.09,230.05,1,3,-1,-1
501,156,823.72,943.37,268.11,230.15,1,3,-1,-1
502,156,803.14,959.24,267.28,229.99,1,3,-1,-1
503,156,780.52,963.40,262.78,227.28,1,3,-1,-1
504,156,760.33,966.56,257.39,225.72,1,3,-1,-1
505,156,739.34,971.18,256.15,217.78,1,3,-1,-1
506,156,717.68,973.71,256.62,212.70,1,3,-1,-1
507,156,717.56,973.71,256.62,212.66,1,3,-1,-1
508,156,696.47,975.01,255.09,210.08,1,3,-1,-1
509,156,678.44,976.14,254.43,207.80,1,3,-1,-1
510,156,659.49,976.60,251.10,206.88,1,3,-1,-1
511,156,645.53,978.52,249.96,203.03,1,3,-1,-1
512,156,625.81,978.13,255.06,203.80,1,3,-1,-1
513,156,625.66,978.12,255.16,203.82,1,3,-1,-1
514,156,611.86,977.54,249.00,204.96,1,3,-1,-1
515,156,599.61,977.64,250.27,204.78,1,3,-1,-1
516,156,586.96,976.02,248.96,208.01,1,3,-1,-1
517,156,574.40,975.52,247.09,209.00,1,3,-1,-1
521,157,550.12,969.26,247.57,221.48,1,0,-1,-1
522,157,547.22,966.21,246.63,224.59,1,0,-1,-1
523,157,541.63,963.09,251.04,230.10,1,0,-1,-1
524,157,539.77,959.16,249.51,231.32,1,0,-1,-1
524,156,540.02,958.96,249.11,230.20,1,3,-1,-1
525,157,539.80,959.16,249.36,231.32,1,0,-1,-1
525,156,540.05,958.95,248.99,230.20,1,3,-1,-1
526,157,538.03,946.72,249.70,219.79,1,0,-1,-1
527,157,539.06,939.86,246.62,225.06,1,0,-1,-1
528,157,541.93,935.05,245.02,225.30,1,0,-1,-1
529,157,544.63,927.79,243.91,221.45,1,0,-1,-1
530,157,547.63,922.70,242.85,220.15,1,0,-1,-1
531,157,547.65,922.66,242.88,220.11,1,0,-1,-1
532,157,553.63,916.13,245.02,223.32,1,0,-1,-1
533,157,561.67,911.47,242.41,222.15,1,0,-1,-1
534,157,569.05,905.84,243.19,225.92,1,0,-1,-1
535,157,582.57,897.53,245.00,226.30,1,0,-1,-1
536,157,594.99,892.27,243.95,227.14,1,0,-1,-1
537,157,595.02,892.21,244.05,227.14,1,0,-1,-1
538,157,610.19,886.09,243.46,223.26,1,0,-1,-1
539,157,625.11,882.41,241.64,223.95,1,0,-1,-1
540,157,642.00,878.29,240.73,224.59,1,0,-1,-1
541,157,657.26,876.72,241.48,224.11,1,0,-1,-1
542,157,673.60,872.29,238.05,222.15,1,0,-1,-1
543,157,673.89,872.05,237.54,223.37,1,0,-1,-1
544,157,690.56,870.64,237.82,221.60,1,0,-1,-1
545,157,704.70,869.24,240.30,222.40,1,0,-1,-1
546,157,719.43,868.91,239.57,227.26,1,0,-1,-1
547,157,735.44,867.36,237.46,226.29,1,0,-1,-1
548,157,746.19,867.44,236.17,223.66,1,0,-1,-1
549,157,746.26,867.45,236.15,223.67,1,0,-1,-1
550,157,756.79,869.19,234.75,224.80,1,0,-1,-1
551,157,767.87,872.11,237.29,226.35,1,0,-1,-1
552,157,777.73,875.31,239.24,222.76,1,0,-1,-1
553,157,785.09,876.71,237.46,223.32,1,0,-1,-1
554,157,792.31,880.05,236.72,227.50,1,0,-1,-1
555,157,792.35,880.10,236.71,227.54,1,0,-1,-1
556,157,794.22,883.83,238.47,225.16,1,0,-1,-1
557,157,797.05,887.22,244.68,224.89,1,0,-1,-1
558,157,794.08,891.49,238.98,228.17,1,0,-1,-1
559,157,789.93,897.39,240.57,223.09,1,0,-1,-1
560,157,782.10,904.05,242.60,224.49,1,0,-1,-1
561,157,782.05,904.12,242.70,224.47,1,0,-1,-1
562,157,772.29,910.20,241.85,224.92,1,0,-1,-1
563,157,762.35,915.32,243.40,224.22,1,0,-1,-1
564,157,751.80,918.76,240.86,219.92,1,0,-1,-1
565,157,741.00,927.36,241.96,221.56,1,0,-1,-1
566,157,728.70,932.09,242.25,225.89,1,0,-1,-1
567,157,728.60,932.12,242.24,225.91,1,0,-1,-1
568,157,714.98,942.87,241.07,227.23,1,0,-1,-1
569,157,698.41,952.75,243.09,224.91,1,0,-1,-1
570,157,681.38,957.91,241.46,226.86,1,0,-1,-1
571,157,666.46,963.49,240.77,228.36,1,0,-1,-1
575,159,614.59,971.54,243.16,216.89,1,0,-1,-1
576,159,598.99,974.68,238.38,210.65,1,0,-1,-1
577,159,579.80,975.71,236.69,208.58,1,0,-1,-1
578,159,561.04,977.70,239.95,204.60,1,0,-1,-1
579,159,560.96,977.99,239.41,204.02,1,0,-1,-1
580,159,543.56,978.28,242.50,203.45,1,0,-1,-1
581,159,523.30,980.14,235.63,199.71,1,0,-1,-1
582,159,503.71,981.90,234.63,196.20,1,0,-1,-1
583,159,480.14,981.40,229.79,197.21,1,0,-1,-1
584,159,460.03,981.33,230.06,197.33,1,0,-1,-1
585,159,459.96,981.33,230.03,197.33,1,0,-1,-1
586,159,439.73,979.97,229.08,200.05,1,0,-1,-1
587,159,420.57,978.42,230.81,203.15,1,0,-1,-1
588,159,403.59,976.99,230.79,206.00,1,0,-1,-1
589,159,383.04,975.32,228.58,209.36,1,0,-1,-1
590,159,364.45,973.73,227.05,212.52,1,0,-1,-1
591,159,364.28,973.72,227.00,212.56,1,0,-1,-1
592,159,350.36,970.64,228.34,216.73,1,0,-1,-1
593,159,336.29,969.72,227.90,219.25,1,0,-1,-1
594,159,323.44,963.40,227.18,221.52,1,0,-1,-1
595,159,316.95,958.69,225.23,219.88,1,0,-1,-1
596,159,307.58,946.72,221.18,212.82,1,0,-1,-1
597,159,307.56,946.63,221.23,212.75,1,0,-1,-1
598,159,301.80,936.61,220.22,218.34,1,0,-1,-1
599,159,299.61,929.08,224.17,219.82,1,0,-1,-1
600,159,301.68,920.01,223.75,216.52,1,0,-1,-1
601,159,307.35,910.62,222.00,220.29,1,0,-1,-1
602,159,309.46,897.65,225.09,219.52,1,0,-1,-1
603,159,309.47,897.53,225.10,219.54,1,0,-1,-1
604,159,318.48,885.96,222.82,219.24,1,0,-1,-1
605,159,328.85,874.66,222.27,216.58,1,0,-1,-1
606,159,339.65,864.30,223.64,219.78,1,0,-1,-1
607,159,356.26,851.05,225.75,220.26,1,0,-1,-1
608,159,371.88,838.68,224.66,218.37,1,0,-1,-1
609,159,371.90,838.59,224.63,218.38,1,0,-1,-1
610,159,395.01,825.72,224.00,217.61,1,0,-1,-1
611,159,423.52,810.38,226.36,215.78,1,0,-1,-1
612,159,455.58,796.61,224.11,220.65,1,0,-1,-1
613,159,487.75,782.01,223.19,217.19,1,0,-1,-1
614,159,524.50,768.58,223.40,217.60,1,0,-1,-1
615,159,524.58,768.46,223.33,217.62,1,0,-1,-1
616,159,559.72,753.85,228.65,213.72,1,0,-1,-1
617,159,596.90,740.55,223.39,213.04,1,0,-1,-1
618,159,638.41,728.10,225.77,213.39,1,0,-1,-1
619,159,676.93,719.11,223.10,215.74,1,0,-1,-1
620,159,718.13,706.89,226.60,217.16,1,0,-1,-1
621,159,718.44,706.70,226.70,217.28,1,0,-1,-1
622,159,761.65,696.07,223.97,214.56,1,0,-1,-1
623,159,801.80,688.34,224.04,211.72,1,0,-1,-1
624,159,842.01,678.46,225.91,211.82,1,0,-1,-1
625,159,884.95,671.17,226.48,211.59,1,0,-1,-1
626,159,928.90,665.64,229.12,209.60,1,0,-1,-1
627,159,929.39,665.59,229.03,209.62,1,0,-1,-1
628,159,970.84,659.28,228.02,210.27,1,0,-1,-1
629,159,1007.98,653.71,222.34,212.26,1,0,-1,-1
630,159,1049.99,650.03,228.01,213.38,1,0,-1,-1
631,159,1089.66,647.92,228.21,213.77,1,0,-1,-1
632,159,1127.52,643.42,222.75,208.58,1,0,-1,-1
633,159,1127.88,643.34,222.69,208.40,1,0,-1,-1
634,159,1165.52,642.91,225.24,208.11,1,0,-1,-1
635,159,1201.49,644.01,221.18,215.54,1,0,-1,-1
636,159,1238.31,645.49,221.49,210.32,1,0,-1,-1
637,159,1274.72,644.75,209.12,212.09,1,0,-1,-1
638,159,1298.84,648.87,221.03,215.46,1,0,-1,-1
639,159,1299.02,648.80,221.23,215.47,1,0,-1,-1
640,159,1330.37,653.97,222.25,209.84,1,0,-1,-1
641,159,1360.87,657.52,220.89,210.94,1,0,-1,-1
642,159,1390.11,659.98,221.44,217.91,1,0,-1,-1
643,159,1413.97,664.85,220.19,212.54,1,0,-1,-1
644,159,1426.14,671.34,248.97,213.28,1,0,-1,-1
645,159,1425.27,671.38,251.29,213.34,1,0,-1,-1
646,159,1464.49,677.34,219.48,215.32,1,0,-1,-1
647,159,1457.97,685.11,280.28,212.33,1,0,-1,-1
648,159,1507.80,691.89,215.07,213.28,1,0,-1,-1
649,159,1533.76,701.78,206.87,216.00,1,0,-1,-1
650,159,1555.64,709.11,208.72,217.23,1,0,-1,-1
651,159,1555.90,709.21,208.84,217.22,1,0,-1,-1
652,159,1572.11,717.12,202.90,218.40,1,0,-1,-1
653,159,1588.37,724.88,207.58,218.54,1,0,-1,-1
654,159,1598.69,731.60,203.63,212.15,1,0,-1,-1
655,159,1608.95,736.23,202.73,209.76,1,0,-1,-1
656,159,1616.75,739.40,202.45,206.60,1,0,-1,-1
657,159,1616.82,739.46,202.43,206.61,1,0,-1,-1
658,159,1624.80,751.43,199.66,222.59,1,0,-1,-1
659,159,1629.38,757.46,209.11,216.58,1,0,-1,-1
660,159,1634.94,763.78,205.26,218.24,1,0,-1,-1
661,159,1638.19,768.52,204.26,215.78,1,0,-1,-1
662,159,1640.58,760.57,205.47,194.10,1,0,-1,-1
663,159,1640.59,760.50,205.50,193.90,1,0,-1,-1
664,159,1640.23,762.50,200.73,194.25,1,0,-1,-1
665,159,1639.23,759.42,202.77,180.21,1,0,-1,-1
666,159,1639.06,762.95,204.62,185.16,1,0,-1,-1
667,159,1635.88,760.58,202.82,179.01,1,0,-1,-1
668,159,1635.34,762.45,201.62,177.72,1,0,-1,-1
669,159,1635.33,762.42,201.58,177.64,1,0,-1,-1
670,159,1631.98,762.39,202.58,182.08,1,0,-1,-1
671,159,1629.07,764.57,200.90,186.69,1,0,-1,-1
672,159,1628.43,773.64,199.28,206.81,1,0,-1,-1
673,163,419.47,295.90,142.33,54.84,1,3,-1,-1
673,159,1628.74,768.28,198.57,198.11,1,0,-1,-1
674,163,422.07,287.04,143.17,53.29,1,3,-1,-1
674,159,1628.08,744.86,199.43,155.19,1,0,-1,-1
675,163,422.01,286.90,143.41,53.57,1,3,-1,-1
675,159,1628.09,744.72,199.52,155.02,1,0,-1,-1
676,159,1629.10,746.94,203.77,169.15,1,0,-1,-1
677,159,1628.77,746.46,201.03,176.75,1,0,-1,-1
678,159,1628.77,741.01,196.16,166.22,1,0,-1,-1
679,159,1630.94,736.77,193.09,164.21,1,0,-1,-1
680,159,1633.23,736.95,186.01,171.77,1,0,-1,-1
681,159,1633.25,736.87,185.93,171.73,1,0,-1,-1
682,159,1632.35,732.35,188.50,174.81,1,0,-1,-1
683,159,1632.47,723.28,190.05,169.82,1,0,-1,-1
684,159,1633.87,721.39,189.24,174.43,1,0,-1,-1
685,159,1634.13,721.73,190.71,182.10,1,0,-1,-1
686,159,1635.45,711.58,194.35,165.42,1,0,-1,-1
687,159,1635.43,711.57,194.53,165.45,1,0,-1,-1
688,159,1635.49,710.93,196.46,173.40,1,0,-1,-1
689,159,1633.33,704.01,196.21,169.48,1,0,-1,-1
690,159,1632.20,700.64,198.68,180.06,1,0,-1,-1
691,159,1628.04,699.53,199.10,178.14,1,0,-1,-1
692,159,1629.64,698.23,198.18,188.67,1,0,-1,-1
693,159,1629.65,698.18,198.13,188.59,1,0,-1,-1
694,159,1626.35,691.62,200.01,178.83,1,0,-1,-1
695,159,1625.09,687.46,193.88,161.99,1,0,-1,-1
696,159,1622.65,688.08,207.83,183.78,1,0,-1,-1
708,159,1583.12,668.94,203.69,169.78,1,0,-1,-1
802,167,948.61,917.67,202.48,223.18,1,0,-1,-1
803,167,948.94,921.74,201.41,223.14,1,0,-1,-1
804,167,948.73,923.24,200.15,220.04,1,0,-1,-1
805,167,947.75,928.20,201.71,216.37,1,0,-1,-1
806,167,946.75,931.93,200.29,215.36,1,0,-1,-1
807,167,946.68,931.89,200.38,215.30,1,0,-1,-1
808,167,945.15,935.54,204.77,221.82,1,0,-1,-1
809,167,944.51,941.78,198.63,216.23,1,0,-1,-1
810,167,938.15,944.56,197.71,218.01,1,0,-1,-1
811,167,937.88,951.93,196.90,217.70,1,0,-1,-1
812,167,933.69,951.84,199.38,218.41,1,0,-1,-1
813,167,933.74,951.86,199.42,218.35,1,0,-1,-1
814,165,930.19,959.53,197.24,220.02,1,3,-1,-1
815,165,930.12,963.99,203.37,222.90,1,3,-1,-1
816,165,929.54,968.56,203.60,221.11,1,3,-1,-1
817,165,931.06,970.82,200.84,218.44,1,3,-1,-1
821,167,923.08,975.29,197.96,209.44,1,0,-1,-1
822,167,921.26,977.09,195.69,205.83,1,0,-1,-1
823,167,917.91,978.05,198.66,203.94,1,0,-1,-1
824,167,911.84,979.19,197.90,201.64,1,0,-1,-1
825,167,911.79,979.18,197.91,201.65,1,0,-1,-1
826,167,906.49,977.53,200.98,204.95,1,0,-1,-1
827,167,898.15,978.82,198.26,202.39,1,0,-1,-1
869,167,515.77,854.25,162.77,212.45,1,0,-1,-1
870,167,524.39,856.47,136.06,211.11,1,0,-1,-1
871,167,495.30,854.03,179.23,212.90,1,0,-1,-1
872,167,494.98,854.01,179.69,212.93,1,0,-1,-1
873,167,494.96,854.01,179.73,212.93,1,0,-1,-1
874,167,487.06,855.23,179.57,218.77,1,0,-1,-1
875,167,480.00,861.58,186.88,217.88,1,0,-1,-1
876,167,472.72,863.38,182.01,218.54,1,0,-1,-1
877,167,464.62,867.42,181.72,219.98,1,0,-1,-1
878,167,456.31,872.38,181.79,219.41,1,0,-1,-1
879,167,456.24,872.43,181.79,219.43,1,0,-1,-1
880,167,446.15,875.14,182.59,217.57,1,0,-1,-1
881,167,436.89,879.91,188.09,219.68,1,0,-1,-1
882,167,426.13,884.14,185.65,219.22,1,0,-1,-1
883,167,415.95,888.86,185.88,220.44,1,0,-1,-1
884,167,403.30,894.04,183.53,218.09,1,0,-1,-1
885,167,403.16,894.08,183.52,218.06,1,0,-1,-1
886,167,391.00,900.40,186.08,213.65,1,0,-1,-1
887,167,379.01,906.00,187.64,220.88,1,0,-1,-1
888,167,364.40,913.37,185.08,219.51,1,0,-1,-1
889,167,348.72,916.82,187.76,218.03,1,0,-1,-1
890,167,318.34,924.00,184.41,213.94,1,0,-1,-1
891,167,318.02,924.05,184.35,213.88,1,0,-1,-1
892,167,300.49,926.62,187.64,213.52,1,0,-1,-1
893,167,285.09,929.69,188.33,216.71,1,0,-1,-1
894,167,264.64,933.10,195.20,213.78,1,0,-1,-1
895,167,249.01,933.40,185.34,215.52,1,0,-1,-1
896,167,232.86,934.94,187.59,214.61,1,0,-1,-1
897,167,232.71,934.93,187.56,214.59,1,0,-1,-1
898,167,213.80,940.78,184.07,211.46,1,0,-1,-1
899,167,197.29,939.62,182.70,210.85,1,0,-1,-1
900,167,167.59,941.48,206.94,207.98,1,0,-1,-1
901,167,154.92,941.45,197.56,201.61,1,0,-1,-1
902,167,134.96,939.62,206.90,207.11,1,0,-1,-1
903,167,135.18,939.61,206.20,207.19,1,0,-1,-1
904,167,127.75,934.14,184.42,202.53,1,0,-1,-1
905,167,106.34,937.59,175.84,204.03,1,0,-1,-1
906,167,90.69,939.28,172.91,207.54,1,0,-1,-1
907,167,81.27,926.68,162.39,194.64,1,0,-1,-1
908,167,77.18,921.33,154.25,192.97,1,0,-1,-1
909,167,77.13,921.30,154.16,192.89,1,0,-1,-1
910,167,75.92,914.86,151.55,191.80,1,0,-1,-1
916,167,163.31,859.07,181.24,215.76,1,0,-1,-1
917,167,198.92,844.05,184.58,219.21,1,0,-1,-1
918,167,241.27,829.47,190.02,220.93,1,0,-1,-1
919,167,299.27,816.49,161.43,219.52,1,0,-1,-1
967,169,666.11,502.38,221.63,142.47,1,3,-1,-1
968,169,642.79,489.97,226.12,128.16,1,3,-1,-1
969,169,642.63,489.94,226.32,128.04,1,3,-1,-1
970,169,621.55,489.13,232.14,132.72,1,3,-1,-1
971,169,601.76,480.96,223.51,119.85,1,3,-1,-1
1093,170,304.32,948.74,196.89,217.97,1,3,-1,-1
1094,170,328.38,949.99,197.29,221.29,1,3,-1,-1
1095,170,328.55,950.00,197.60,221.37,1,3,-1,-1
1096,170,347.74,950.38,195.84,222.34,1,3,-1,-1
1097,170,367.67,951.68,193.89,218.18,1,3,-1,-1
1098,170,386.83,957.86,191.55,226.68,1,3,-1,-1
1099,170,406.18,962.39,188.65,228.80,1,3,-1,-1
1100,170,427.06,965.02,186.68,229.95,1,3,-1,-1
1101,170,427.21,965.08,186.71,229.88,1,3,-1,-1
1102,170,444.52,967.23,193.09,225.58,1,3,-1,-1
1103,170,463.50,966.90,190.51,226.23,1,3,-1,-1
1104,170,480.91,968.16,192.46,223.73,1,3,-1,-1
1108,172,522.73,975.28,193.36,209.43,1,0,-1,-1
1109,172,532.63,977.97,192.71,204.06,1,0,-1,-1
1110,172,544.47,978.71,194.48,202.57,1,0,-1,-1
1111,172,553.44,980.97,198.99,198.06,1,0,-1,-1
1112,172,553.46,981.00,199.01,197.99,1,0,-1,-1
1113,172,553.43,981.00,199.01,197.99,1,0,-1,-1
1114,172,560.23,983.40,194.29,193.21,1,0,-1,-1
1115,172,563.70,985.78,195.75,188.45,1,0,-1,-1
1116,172,566.33,987.46,194.35,185.08,1,0,-1,-1
1117,172,569.81,990.28,196.56,179.44,1,0,-1,-1
1118,172,561.89,996.44,225.60,167.11,1,0,-1,-1
1119,172,562.32,996.50,224.87,167.00,1,0,-1,-1
1120,172,557.34,999.60,228.33,160.81,1,0,-1,-1
1121,172,564.92,1003.44,212.93,153.11,1,0,-1,-1
1122,172,572.61,1003.84,194.50,152.33,1,0,-1,-1
1123,172,568.46,1006.75,188.12,146.51,1,0,-1,-1
1124,172,560.72,1008.80,199.18,142.39,1,0,-1,-1
1125,172,560.53,1008.81,199.56,142.38,1,0,-1,-1
1126,172,561.75,1010.82,187.15,138.36,1,0,-1,-1
1127,172,556.10,1010.03,194.88,139.94,1,0,-1,-1
1128,172,548.57,1012.96,194.21,134.08,1,0,-1,-1
1129,172,545.22,1012.56,189.78,134.88,1,0,-1,-1
1130,172,533.73,1011.75,187.70,136.49,1,0,-1,-1
1131,172,533.45,1011.72,188.06,136.55,1,0,-1,-1
1132,172,527.00,1011.84,189.92,136.31,1,0,-1,-1
1133,172,520.21,1009.45,184.12,141.09,1,0,-1,-1
1134,172,504.76,1006.40,200.90,147.19,1,0,-1,-1
1135,172,490.12,1002.41,205.43,155.17,1,0,-1,-1
1136,172,470.84,1001.80,216.77,156.40,1,0,-1,-1
1137,172,470.56,1001.79,217.05,156.43,1,0,-1,-1
1138,172,458.96,999.76,224.01,160.47,1,0,-1,-1
1139,172,447.81,996.95,221.45,166.08,1,0,-1,-1
1140,172,434.34,993.07,219.49,173.84,1,0,-1,-1
1141,172,417.41,991.33,225.77,177.35,1,0,-1,-1
1142,172,417.57,991.33,225.24,177.32,1,0,-1,-1
1143,172,417.59,991.34,225.23,177.32,1,0,-1,-1
1144,172,405.50,986.04,216.49,187.91,1,0,-1,-1
1145,172,406.05,983.08,184.81,193.84,1,0,-1,-1
1146,172,391.69,979.94,181.93,200.13,1,0,-1,-1
1147,172,379.06,977.06,182.23,205.88,1,0,-1,-1
1148,172,364.52,974.94,184.28,210.11,1,0,-1,-1
1149,172,364.34,974.89,184.47,210.19,1,0,-1,-1
1150,172,348.88,971.46,182.41,217.08,1,0,-1,-1
1151,172,335.76,968.63,184.41,222.50,1,0,-1,-1
1152,172,321.17,965.97,187.15,226.90,1,0,-1,-1
1153,172,301.26,963.96,202.39,227.55,1,0,-1,-1
1154,172,288.92,959.92,201.03,224.23,1,0,-1,-1
1155,172,288.72,959.90,201.18,224.19,1,0,-1,-1
1156,172,288.17,952.79,186.38,214.77,1,0,-1,-1
1157,172,278.81,948.27,181.99,211.44,1,0,-1,-1
1158,172,270.81,950.80,184.37,215.92,1,0,-1,-1
1159,172,249.35,948.04,200.84,212.94,1,0,-1,-1
1160,172,247.38,950.35,194.18,214.07,1,0,-1,-1
1161,172,247.58,950.42,193.68,213.99,1,0,-1,-1
1162,172,240.12,955.54,196.89,219.54,1,0,-1,-1
1163,172,228.86,961.59,194.43,227.80,1,0,-1,-1
1164,172,224.34,968.17,180.08,223.57,1,0,-1,-1
1165,172,217.22,972.11,188.28,215.78,1,0,-1,-1
1166,172,190.07,974.90,228.21,210.20,1,0,-1,-1
1167,172,189.87,974.96,228.55,210.07,1,0,-1,-1
1168,172,190.60,978.06,214.69,203.88,1,0,-1,-1
1169,172,189.63,981.72,215.36,196.56,1,0,-1,-1
1170,172,185.76,987.82,213.67,184.36,1,0,-1,-1
1171,172,184.32,991.91,211.46,176.16,1,0,-1,-1
1172,172,184.34,991.95,211.34,176.09,1,0,-1,-1
1173,172,184.35,991.95,211.34,176.09,1,0,-1,-1
1174,172,184.35,991.95,211.34,176.09,1,0,-1,-1
1175,172,181.44,997.57,211.36,164.87,1,0,-1,-1
1176,172,177.60,1003.23,201.97,153.53,1,0,-1,-1
1177,172,173.62,1009.27,202.94,141.45,1,0,-1,-1
1178,172,179.28,1016.47,182.64,127.06,1,0,-1,-1
1179,172,179.48,1016.57,182.09,126.86,1,0,-1,-1
1180,172,181.74,1021.58,162.49,116.84,1,0,-1,-1
1181,172,179.35,1030.34,156.27,99.33,1,0,-1,-1
1182,172,174.45,1034.24,151.50,91.54,1,0,-1,-1
1183,172,166.05,1038.84,143.60,82.33,1,0,-1,-1
1184,172,160.94,1044.07,147.87,71.85,1,0,-1,-1
1185,172,160.94,1044.13,147.87,71.75,1,0,-1,-1
1186,172,151.73,1051.86,141.27,56.29,1,0,-1,-1
1264,175,221.53,823.95,190.12,244.50,1,3,-1,-1
1265,175,258.89,824.49,191.98,240.04,1,3,-1,-1
1266,175,293.06,827.74,190.82,237.03,1,3,-1,-1
1267,175,322.49,830.64,195.36,235.79,1,3,-1,-1
1268,175,345.76,831.57,196.99,235.35,1,3,-1,-1
1269,175,345.95,831.57,196.91,235.42,1,3,-1,-1
1270,175,366.65,836.00,195.26,237.08,1,3,-1,-1
1271,175,383.10,841.63,195.59,234.28,1,3,-1,-1
1272,175,395.40,841.75,197.98,231.10,1,3,-1,-1
1273,175,406.39,850.18,198.09,238.18,1,3,-1,-1
1274,175,413.56,851.52,196.70,231.94,1,3,-1,-1
1275,175,413.48,851.61,197.56,232.13,1,3,-1,-1
1276,175,416.51,854.58,200.21,233.31,1,3,-1,-1
1277,175,414.58,863.76,200.73,226.39,1,3,-1,-1
1278,175,411.18,865.82,198.21,230.26,1,3,-1,-1
1279,175,402.56,870.31,199.34,227.45,1,3,-1,-1
1280,175,394.97,876.49,195.37,228.00,1,3,-1,-1
1281,175,394.88,876.54,195.33,227.97,1,3,-1,-1
1282,175,383.16,880.22,194.52,230.77,1,3,-1,-1
1283,175,369.48,882.90,198.21,229.38,1,3,-1,-1
1284,175,353.74,883.19,198.96,223.87,1,3,-1,-1
1285,175,341.60,887.76,195.97,228.38,1,3,-1,-1
1286,175,326.25,888.92,196.00,225.03,1,3,-1,-1
1287,175,326.06,888.99,196.01,224.95,1,3,-1,-1
1288,175,309.56,891.91,200.12,220.38,1,3,-1,-1
1289,175,293.01,898.29,198.04,219.77,1,3,-1,-1
1290,175,277.46,902.89,199.87,225.41,1,3,-1,-1
1291,175,261.44,902.96,202.66,220.66,1,3,-1,-1
1292,175,261.30,902.98,202.68,220.63,1,3,-1,-1
1293,175,261.29,902.97,202.67,220.62,1,3,-1,-1
1294,175,245.49,904.14,198.47,221.70,1,3,-1,-1
1295,175,231.94,906.28,196.48,221.60,1,3,-1,-1
1296,175,217.13,910.03,193.31,218.29,1,3,-1,-1
1297,175,202.97,907.45,196.62,218.39,1,3,-1,-1
1298,175,193.36,908.68,192.22,214.95,1,3,-1,-1
1299,175,193.27,908.67,192.18,214.85,1,3,-1,-1
1300,175,180.75,907.89,189.52,214.34,1,3,-1,-1
1301,175,168.69,907.11,193.21,210.54,1,3,-1,-1
1302,175,157.25,903.63,193.64,210.23,1,3,-1,-1
1303,175,149.39,907.49,195.25,215.59,1,3,-1,-1
1304,175,140.63,908.70,193.15,210.41,1,3,-1,-1
1305,175,140.55,908.77,193.15,210.52,1,3,-1,-1
1306,175,128.54,906.62,203.06,203.88,1,3,-1,-1
1307,175,123.68,908.01,204.83,206.25,1,3,-1,-1
1308,175,120.21,909.27,199.98,210.52,1,3,-1,-1
1309,175,112.65,906.03,194.18,208.22,1,3,-1,-1
1310,175,107.56,903.04,191.97,200.13,1,3,-1,-1
1311,175,107.51,902.99,191.98,200.03,1,3,-1,-1
1312,175,102.24,904.96,189.75,208.27,1,3,-1,-1
1313,175,98.92,901.15,192.24,205.39,1,3,-1,-1
1314,175,98.16,904.04,188.98,211.61,1,3,-1,-1
1315,175,96.02,904.74,187.75,211.59,1,3,-1,-1
1316,175,93.37,899.61,185.84,207.87,1,3,-1,-1
1317,175,93.34,899.59,185.79,207.73,1,3,-1,-1
1318,175,92.56,903.49,185.17,213.91,1,3,-1,-1
1319,175,92.84,906.64,185.75,221.42,1,3,-1,-1
1320,175,90.22,901.55,179.91,210.98,1,3,-1,-1
1321,175,88.15,903.28,175.53,214.24,1,3,-1,-1
1322,175,88.15,903.38,175.55,214.44,1,3,-1,-1
1323,175,88.15,903.38,175.54,214.42,1,3,-1,-1
1324,175,86.32,901.98,172.50,218.67,1,3,-1,-1
1325,175,83.91,901.92,167.22,222.92,1,3,-1,-1
1326,175,82.03,899.47,163.39,220.32,1,3,-1,-1
1327,175,79.58,897.52,158.44,224.54,1,3,-1,-1
1328,175,79.03,892.30,157.17,219.23,1,3,-1,-1
1329,175,79.03,892.28,157.15,219.27,1,3,-1,-1
1330,175,79.48,893.84,158.48,229.50,1,3,-1,-1
1331,175,77.62,893.79,154.71,235.26,1,3,-1,-1
1332,175,75.19,884.41,150.15,219.59,1,3,-1,-1
1333,175,72.70,892.58,144.90,244.86,1,3,-1,-1
1334,175,70.60,890.11,140.78,244.72,1,3,-1,-1
1335,175,70.56,890.65,140.70,245.89,1,3,-1,-1
1336,175,69.98,908.86,139.73,288.27,1,3,-1,-1
1337,175,68.17,880.02,135.90,234.79,1,3,-1,-1
1338,175,64.16,879.26,127.99,235.71,1,3,-1,-1
1339,175,61.62,868.09,123.09,221.10,1,3,-1,-1
1340,175,61.13,858.51,122.04,212.10,1,3,-1,-1
1341,175,61.16,858.52,122.10,212.20,1,3,-1,-1
1342,175,55.81,848.96,110.94,195.28,1,3,-1,-1
1343,175,51.30,857.46,102.34,217.85,1,3,-1,-1
1344,175,49.57,865.16,98.96,244.79,1,3,-1,-1
1345,175,49.08,874.91,98.02,271.74,1,3,-1,-1
1346,175,45.83,862.71,91.57,251.15,1,3,-1,-1
1347,175,45.79,862.61,91.48,250.97,1,3,-1,-1
1348,175,35.47,842.66,70.95,211.62,1,3,-1,-1
1349,175,34.29,880.33,68.60,295.51,1,3,-1,-1
1431,178,74.70,893.39,148.42,229.46,1,3,-1,-1
1432,178,79.00,902.61,157.52,241.36,1,3,-1,-1
1433,178,82.75,902.00,165.43,230.94,1,3,-1,-1
1434,178,86.72,908.53,173.11,231.53,1,3,-1,-1
1435,178,92.26,913.46,183.82,232.68,1,3,-1,-1
1436,178,93.02,922.70,186.05,234.92,1,3,-1,-1
1437,178,92.97,922.69,185.96,234.53,1,3,-1,-1
1438,178,94.91,940.70,188.29,262.83,1,3,-1,-1
1439,178,104.78,951.05,207.16,257.94,1,3,-1,-1
1440,178,109.92,953.52,218.03,253.11,1,3,-1,-1
1441,178,118.71,957.73,213.92,244.65,1,3,-1,-1
1442,178,118.77,957.77,213.87,244.56,1,3,-1,-1
1443,178,118.76,957.75,213.86,244.56,1,3,-1,-1
1444,178,115.04,959.41,226.25,241.24,1,3,-1,-1
1445,178,118.01,962.99,231.05,234.06,1,3,-1,-1
1446,178,119.86,966.20,236.78,227.63,1,3,-1,-1
1447,178,123.92,969.57,234.88,220.91,1,3,-1,-1
1448,178,129.58,972.58,228.08,214.87,1,3,-1,-1
1449,178,129.65,972.60,227.95,214.82,1,3,-1,-1
1450,178,128.76,976.62,240.83,206.77,1,3,-1,-1
1451,178,127.81,981.46,238.44,197.12,1,3,-1,-1
1452,178,131.42,986.63,243.40,186.78,1,3,-1,-1
1453,178,141.26,990.59,233.94,178.87,1,3,-1,-1
1454,178,147.22,995.30,221.43,169.43,1,3,-1,-1
1455,178,145.48,995.46,224.74,169.11,1,3,-1,-1
1456,178,152.88,996.76,220.96,166.52,1,3,-1,-1
1457,178,151.52,1001.13,230.27,157.77,1,3,-1,-1
1458,178,152.55,1006.94,245.76,146.16,1,3,-1,-1
1459,178,149.36,1013.53,276.54,132.96,1,3,-1,-1
1460,178,155.35,1017.74,275.54,124.57,1,3,-1,-1
1461,178,155.42,1017.80,275.49,124.42,1,3,-1,-1
1462,178,199.32,1019.70,190.82,120.64,1,3,-1,-1
1463,178,204.30,1022.22,188.34,115.59,1,3,-1,-1
1464,178,206.52,1024.35,194.22,111.34,1,3,-1,-1
1465,178,216.56,1025.09,186.29,109.86,1,3,-1,-1
1466,178,220.17,1029.66,182.69,100.70,1,3,-1,-1
1467,178,220.22,1029.63,182.69,100.76,1,3,-1,-1
1468,178,225.82,1032.67,169.96,94.67,1,3,-1,-1
1469,178,238.56,1034.62,175.04,90.77,1,3,-1,-1
1470,178,245.71,1034.50,175.83,91.03,1,3,-1,-1
1471,178,261.65,1035.51,176.12,88.99,1,3,-1,-1
1472,178,261.78,1035.48,175.99,89.06,1,3,-1,-1
1473,178,261.77,1035.52,175.99,88.98,1,3,-1,-1
1474,178,271.38,1035.00,178.50,90.03,1,3,-1,-1
1475,178,288.81,1033.04,178.06,93.93,1,3,-1,-1
1476,178,307.00,1031.17,182.05,97.66,1,3,-1,-1
1477,178,333.02,1030.47,181.69,99.07,1,3,-1,-1
1478,178,352.16,1025.75,190.05,108.51,1,3,-1,-1
1479,178,352.21,1025.74,190.33,108.54,1,3,-1,-1
1480,178,378.93,1023.78,195.06,112.47,1,3,-1,-1
1481,178,404.25,1019.33,198.35,121.34,1,3,-1,-1
