1,74,1030.09,502.43,113.06,60.89,1,3,-1,-1
1,73,1662.03,595.81,319.81,333.18,1,3,-1,-1
2,74,1000.08,496.77,112.85,58.61,1,3,-1,-1
2,73,1646.59,586.05,339.68,336.50,1,3,-1,-1
3,74,1000.02,496.61,112.42,59.01,1,3,-1,-1
3,73,1646.89,585.99,339.64,336.17,1,3,-1,-1
4,74,967.23,489.91,111.96,59.72,1,3,-1,-1
4,73,1621.17,569.46,349.38,329.73,1,3,-1,-1
5,74,954.03,486.56,111.15,59.52,1,3,-1,-1
6,74,944.87,484.87,111.45,61.35,1,3,-1,-1
7,74,912.34,479.54,109.30,61.21,1,3,-1,-1
8,74,912.99,479.69,111.17,62.06,1,3,-1,-1
9,74,880.08,475.40,114.54,61.44,1,3,-1,-1
10,74,864.23,471.76,116.30,61.04,1,3,-1,-1
11,74,840.19,467.84,116.71,59.31,1,3,-1,-1
12,74,833.09,464.19,119.85,59.74,1,3,-1,-1
16,75,615.80,568.95,107.51,61.04,1,3,-1,-1
17,75,599.05,567.96,108.60,65.30,1,3,-1,-1
18,75,599.30,568.18,109.25,64.86,1,3,-1,-1
18,74,749.00,453.59,118.02,65.20,1,3,-1,-1
19,75,571.69,570.23,110.35,61.06,1,3,-1,-1
19,74,721.49,452.56,120.76,66.95,1,3,-1,-1
20,75,539.14,567.19,113.78,66.11,1,3,-1,-1
20,74,689.84,448.52,125.15,64.05,1,3,-1,-1
21,75,524.32,567.47,117.03,65.31,1,3,-1,-1
22,75,504.27,567.45,123.12,68.78,1,3,-1,-1
23,75,504.14,567.51,123.29,68.97,1,3,-1,-1
23,73,1400.98,497.17,428.49,371.78,1,3,-1,-1
24,73,1370.10,484.47,406.81,360.47,1,3,-1,-1
25,73,1363.65,486.01,431.79,369.60,1,3,-1,-1
26,73,1355.54,482.30,450.00,385.07,1,3,-1,-1
27,73,1340.93,479.25,446.80,373.12,1,3,-1,-1
28,73,1340.82,478.72,446.54,371.62,1,3,-1,-1
31,74,509.32,407.39,126.29,70.62,1,3,-1,-1
32,74,494.13,407.54,126.60,71.42,1,3,-1,-1
33,74,493.94,407.54,126.49,71.40,1,3,-1,-1
34,75,285.56,553.59,120.64,76.50,1,3,-1,-1
34,74,462.50,404.36,128.49,71.27,1,3,-1,-1
35,74,456.40,405.08,123.32,70.54,1,3,-1,-1
36,74,423.38,400.42,130.48,73.72,1,3,-1,-1
37,74,408.25,401.77,130.14,72.88,1,3,-1,-1
38,74,408.13,401.81,129.93,72.71,1,3,-1,-1
39,74,386.48,404.77,130.31,74.14,1,3,-1,-1
40,74,371.89,404.67,126.61,74.88,1,3,-1,-1
56,76,970.49,348.99,360.42,199.66,1,2,-1,-1
64,80,95.51,548.97,126.42,104.93,1,3,-1,-1
65,80,93.23,556.37,125.06,101.37,1,3,-1,-1
66,80,88.25,561.94,123.05,106.30,1,3,-1,-1
67,80,83.33,567.49,124.93,106.53,1,3,-1,-1
68,80,83.30,567.50,124.93,106.54,1,3,-1,-1
71,81,1143.68,1016.99,229.97,126.17,1,2,-1,-1
72,81,1152.12,1024.74,229.76,110.78,1,2,-1,-1
73,81,1152.34,1024.73,229.73,110.61,1,2,-1,-1
74,81,1130.26,1045.86,157.17,68.38,1,2,-1,-1
74,80,100.10,607.08,131.77,109.29,1,3,-1,-1
75,80,101.68,613.41,130.52,108.77,1,3,-1,-1
75,79,1035.74,494.89,438.12,277.49,1,3,-1,-1
76,80,108.91,626.31,129.36,106.25,1,3,-1,-1
77,80,112.27,633.32,132.55,104.91,1,3,-1,-1
78,80,112.36,633.36,132.78,104.92,1,3,-1,-1
79,80,120.43,649.08,134.70,107.61,1,3,-1,-1
80,80,124.26,657.58,133.85,108.50,1,3,-1,-1
81,80,142.58,674.50,132.06,111.01,1,3,-1,-1
82,80,153.49,682.29,140.68,112.08,1,3,-1,-1
83,80,153.54,682.45,140.62,111.97,1,3,-1,-1
83,79,1144.54,632.00,454.29,316.45,1,3,-1,-1
84,80,153.53,682.43,140.62,111.97,1,3,-1,-1
84,79,1144.51,631.97,454.29,316.45,1,3,-1,-1
85,80,194.61,710.58,135.51,110.00,1,3,-1,-1
85,79,1206.16,678.36,449.90,315.30,1,3,-1,-1
86,80,212.34,719.91,140.36,110.06,1,3,-1,-1
86,79,1232.65,699.17,460.26,324.53,1,3,-1,-1
87,80,232.75,729.35,143.18,114.72,1,3,-1,-1
87,79,1260.16,714.08,462.57,320.93,1,3,-1,-1
88,80,254.90,739.66,143.89,113.41,1,3,-1,-1
88,79,1293.68,739.96,471.77,342.57,1,3,-1,-1
89,80,308.32,761.76,146.73,113.31,1,3,-1,-1
89,79,1371.51,765.65,505.32,327.17,1,3,-1,-1
90,80,336.21,771.05,152.78,113.03,1,3,-1,-1
90,79,1385.26,782.64,464.99,337.19,1,3,-1,-1
91,80,366.98,780.37,150.34,111.01,1,3,-1,-1
91,79,1413.35,799.19,446.64,339.01,1,3,-1,-1
92,80,399.75,790.63,154.03,113.92,1,3,-1,-1
92,79,1466.90,818.13,476.83,343.30,1,3,-1,-1
93,80,434.00,800.43,150.59,111.62,1,3,-1,-1
93,79,1505.30,833.77,467.31,345.92,1,3,-1,-1
94,80,509.18,819.76,158.08,112.66,1,3,-1,-1
94,79,1569.25,867.40,435.19,347.43,1,3,-1,-1
95,80,545.04,829.73,155.93,114.22,1,3,-1,-1
95,79,1605.72,882.43,425.11,347.27,1,3,-1,-1
96,80,583.21,839.62,158.91,118.00,1,3,-1,-1
96,79,1647.00,897.88,427.24,351.11,1,3,-1,-1
97,80,617.12,847.86,158.02,114.41,1,3,-1,-1
97,79,1684.66,905.93,437.55,345.56,1,3,-1,-1
98,80,650.87,856.92,159.55,114.95,1,3,-1,-1
98,79,1706.60,912.33,414.77,335.72,1,3,-1,-1
99,80,713.84,874.12,162.76,111.92,1,3,-1,-1
99,79,1744.16,922.84,350.13,314.72,1,3,-1,-1
100,80,742.44,882.85,162.43,114.54,1,3,-1,-1
100,79,1758.96,925.80,320.42,308.79,1,3,-1,-1
101,80,798.35,897.16,163.10,114.47,1,3,-1,-1
101,79,1786.31,934.04,267.89,292.27,1,3,-1,-1
102,80,824.03,903.85,161.80,117.38,1,3,-1,-1
102,79,1799.27,937.56,242.02,285.22,1,3,-1,-1
103,80,824.24,903.89,161.33,117.21,1,3,-1,-1
103,79,1799.45,937.72,241.64,284.88,1,3,-1,-1
104,80,870.03,915.17,163.18,114.24,1,3,-1,-1
104,79,1822.83,941.08,194.84,275.01,1,3,-1,-1
105,80,892.27,919.96,164.47,116.40,1,3,-1,-1
105,79,1833.10,944.00,174.30,271.30,1,3,-1,-1
106,80,929.73,927.81,166.09,116.02,1,3,-1,-1
106,79,1850.40,946.15,139.66,259.43,1,3,-1,-1
107,80,946.99,931.14,165.77,113.50,1,3,-1,-1
107,79,1858.65,947.07,123.15,261.93,1,3,-1,-1
108,80,947.07,931.07,165.85,113.56,1,3,-1,-1
108,79,1858.70,947.11,123.03,261.56,1,3,-1,-1
109,80,972.70,936.01,166.65,122.51,1,3,-1,-1
109,79,1872.05,946.02,96.31,248.13,1,3,-1,-1
110,80,985.77,939.23,169.67,124.89,1,3,-1,-1
110,79,1876.77,943.76,86.85,236.78,1,3,-1,-1
111,80,1004.29,940.50,166.31,120.73,1,3,-1,-1
112,80,1011.27,940.72,167.75,120.48,1,3,-1,-1
113,80,1011.36,940.77,167.85,120.71,1,3,-1,-1
114,80,1020.45,940.77,166.88,120.26,1,3,-1,-1
115,80,1024.03,940.84,168.21,121.53,1,3,-1,-1
116,80,1026.17,940.61,169.33,122.65,1,3,-1,-1
117,80,1024.66,940.23,170.24,125.41,1,3,-1,-1
118,80,1024.65,940.19,170.28,125.28,1,3,-1,-1
119,80,1022.28,939.31,170.07,127.31,1,3,-1,-1
120,80,1020.15,939.27,170.06,126.95,1,3,-1,-1
121,80,1012.13,936.82,172.04,127.32,1,3,-1,-1
122,80,1007.92,935.26,172.35,128.34,1,3,-1,-1
123,80,1007.92,935.34,172.31,128.08,1,3,-1,-1
124,80,996.48,932.20,173.65,127.17,1,3,-1,-1
125,80,987.58,930.59,176.14,129.38,1,3,-1,-1
126,80,982.81,928.69,174.13,126.45,1,3,-1,-1
127,80,978.45,927.22,173.48,126.48,1,3,-1,-1
128,80,978.37,927.05,173.54,126.35,1,3,-1,-1
129,80,969.56,923.54,176.76,128.35,1,3,-1,-1
130,80,966.74,921.12,176.32,128.07,1,3,-1,-1
131,80,959.11,920.10,177.03,129.86,1,3,-1,-1
132,80,956.51,918.80,177.09,129.94,1,3,-1,-1
133,80,956.45,918.68,177.29,130.07,1,3,-1,-1
134,80,950.14,916.32,178.72,132.67,1,3,-1,-1
135,80,948.94,915.28,179.54,135.79,1,3,-1,-1
136,80,945.23,914.31,183.03,133.97,1,3,-1,-1
137,80,945.06,912.79,182.21,134.74,1,3,-1,-1
138,80,945.03,912.71,182.17,134.75,1,3,-1,-1
139,80,944.54,912.11,184.16,137.60,1,3,-1,-1
140,80,943.72,911.54,185.27,138.66,1,3,-1,-1
141,80,944.90,911.33,187.21,139.92,1,3,-1,-1
142,80,945.33,911.28,186.61,140.33,1,3,-1,-1
143,80,945.31,911.25,186.50,140.24,1,3,-1,-1
144,80,947.17,911.64,186.92,140.03,1,3,-1,-1
145,80,950.13,915.15,187.69,142.00,1,3,-1,-1
146,80,951.66,917.84,191.74,144.62,1,3,-1,-1
147,80,955.53,919.88,190.02,147.12,1,3,-1,-1
148,80,955.59,920.00,190.03,147.13,1,3,-1,-1
149,80,958.79,926.81,190.78,149.31,1,3,-1,-1
150,80,963.01,933.87,195.13,152.18,1,3,-1,-1
151,80,964.87,936.35,197.50,153.09,1,3,-1,-1
152,80,967.39,940.74,195.26,155.63,1,3,-1,-1
153,80,967.38,940.80,195.37,155.68,1,3,-1,-1
154,80,972.42,947.24,196.11,160.77,1,3,-1,-1
155,80,974.65,955.64,202.42,156.87,1,3,-1,-1
156,80,974.43,955.68,202.94,156.74,1,3,-1,-1
157,80,976.20,967.91,199.57,162.75,1,3,-1,-1
158,80,976.23,968.04,199.58,162.79,1,3,-1,-1
159,80,979.64,980.82,201.47,156.78,1,3,-1,-1
160,80,980.24,987.65,199.80,160.31,1,3,-1,-1
161,80,980.54,992.74,201.47,162.76,1,3,-1,-1
162,80,978.24,1002.19,199.25,155.53,1,3,-1,-1
163,93,1312.43,551.01,273.67,212.30,1,3,-1,-1
163,80,978.14,1002.26,199.30,155.45,1,3,-1,-1
164,80,974.58,1007.80,201.09,144.42,1,3,-1,-1
165,80,974.88,1012.18,201.73,135.69,1,3,-1,-1
166,80,974.67,1018.96,201.35,122.11,1,3,-1,-1
167,80,973.56,1024.01,200.40,112.01,1,3,-1,-1
168,80,973.50,1024.08,200.27,111.88,1,3,-1,-1
169,80,971.43,1030.36,202.19,99.32,1,3,-1,-1
170,80,973.48,1034.11,208.43,91.81,1,3,-1,-1
171,93,1315.50,607.24,278.11,227.67,1,3,-1,-1
171,80,969.53,1041.48,207.32,77.07,1,3,-1,-1
172,93,1317.54,610.61,277.19,230.49,1,3,-1,-1
172,80,964.16,1045.90,199.18,68.22,1,3,-1,-1
173,93,1317.00,611.84,277.68,228.80,1,3,-1,-1
173,80,964.25,1045.97,199.61,68.09,1,3,-1,-1
174,80,960.01,1050.68,201.75,58.65,1,3,-1,-1
175,80,956.32,1052.40,202.40,55.21,1,3,-1,-1
180,93,1308.29,653.41,294.36,241.62,1,3,-1,-1
181,93,1305.80,658.08,285.16,248.19,1,3,-1,-1
182,93,1302.53,663.66,280.17,244.33,1,3,-1,-1
183,93,1302.29,664.50,280.74,242.16,1,3,-1,-1
184,93,1296.53,680.13,288.37,233.82,1,3,-1,-1
185,93,1297.13,683.11,287.78,237.17,1,3,-1,-1
186,93,1298.25,695.88,284.39,245.35,1,3,-1,-1
187,93,1299.16,697.34,282.39,246.84,1,3,-1,-1
188,93,1299.19,697.75,282.55,245.31,1,3,-1,-1
189,93,1294.42,700.55,292.51,252.03,1,3,-1,-1
190,93,1295.97,703.73,291.88,249.91,1,3,-1,-1
196,93,1298.76,737.70,288.43,255.81,1,3,-1,-1
197,93,1299.19,736.22,295.60,259.37,1,3,-1,-1
198,93,1299.07,736.43,296.58,259.47,1,3,-1,-1
205,93,1306.03,752.97,305.23,274.43,1,3,-1,-1
206,93,1306.83,754.88,307.93,276.96,1,3,-1,-1
207,93,1307.96,760.78,308.70,274.20,1,3,-1,-1
208,93,1308.01,761.75,308.91,272.92,1,3,-1,-1
209,93,1310.24,764.26,308.27,282.90,1,3,-1,-1
210,93,1311.40,764.64,308.17,286.85,1,3,-1,-1
211,93,1320.47,771.91,296.04,277.93,1,3,-1,-1
212,93,1322.85,775.34,299.88,272.78,1,3,-1,-1
213,93,1323.68,775.21,298.53,272.96,1,3,-1,-1
214,93,1325.63,777.83,304.33,273.21,1,3,-1,-1
215,93,1327.18,780.89,301.32,270.66,1,3,-1,-1
216,93,1330.71,787.58,298.60,259.70,1,3,-1,-1
217,93,1333.43,788.89,306.23,264.10,1,3,-1,-1
218,93,1333.14,789.76,305.81,262.38,1,3,-1,-1
219,93,1332.55,790.75,310.44,265.09,1,3,-1,-1
220,93,1337.82,796.57,306.04,257.45,1,3,-1,-1
221,93,1339.24,792.45,312.60,265.23,1,3,-1,-1
222,93,1340.19,795.62,307.65,261.64,1,3,-1,-1
223,93,1340.68,794.61,307.36,263.08,1,3,-1,-1
224,93,1342.43,792.45,312.05,268.64,1,3,-1,-1
225,93,1343.49,790.81,310.05,272.80,1,3,-1,-1
226,93,1342.31,792.33,316.76,274.24,1,3,-1,-1
227,93,1342.70,794.01,316.39,274.51,1,3,-1,-1
228,93,1342.71,794.02,316.38,274.50,1,3,-1,-1
229,93,1346.13,792.72,308.45,275.95,1,3,-1,-1
230,93,1345.72,791.98,309.15,277.59,1,3,-1,-1
231,93,1342.49,791.28,316.13,281.56,1,3,-1,-1
232,93,1343.30,790.74,314.74,282.95,1,3,-1,-1
233,93,1342.94,790.75,315.27,283.11,1,3,-1,-1
234,93,1342.47,790.74,316.32,284.39,1,3,-1,-1
235,93,1342.79,802.55,318.77,259.02,1,3,-1,-1
236,93,1342.08,802.09,316.54,261.79,1,3,-1,-1
237,93,1344.13,799.73,324.27,267.22,1,3,-1,-1
238,93,1344.54,800.86,324.59,265.42,1,3,-1,-1
239,93,1342.92,802.22,324.67,264.35,1,3,-1,-1
240,93,1342.49,799.46,323.85,270.34,1,3,-1,-1
241,93,1342.41,795.13,315.22,281.73,1,3,-1,-1
242,93,1342.87,794.01,316.59,288.76,1,3,-1,-1
243,93,1342.86,793.97,316.65,288.89,1,3,-1,-1
244,93,1338.40,797.19,319.73,287.99,1,3,-1,-1
245,93,1338.94,798.49,320.78,287.48,1,3,-1,-1
246,93,1338.16,799.53,325.42,288.68,1,3,-1,-1
247,93,1337.67,801.49,325.29,287.34,1,3,-1,-1
248,93,1337.84,802.49,325.08,285.34,1,3,-1,-1
249,93,1337.24,797.01,328.50,302.90,1,3,-1,-1
250,93,1337.05,801.88,327.06,291.94,1,3,-1,-1
251,93,1341.52,804.95,317.64,295.40,1,3,-1,-1
252,93,1336.79,813.24,330.98,283.04,1,3,-1,-1
253,93,1336.80,813.46,331.16,282.60,1,3,-1,-1
254,93,1339.50,817.17,328.02,277.40,1,3,-1,-1
255,93,1345.12,818.11,322.50,278.17,1,3,-1,-1
256,93,1345.24,811.32,327.55,294.42,1,3,-1,-1
257,93,1345.08,811.46,326.40,296.39,1,3,-1,-1
258,93,1344.83,810.74,326.21,297.85,1,3,-1,-1
259,93,1343.49,810.31,326.27,301.80,1,3,-1,-1
260,93,1346.24,811.18,321.79,302.32,1,3,-1,-1
261,93,1341.84,813.53,337.76,304.96,1,3,-1,-1
262,93,1339.91,812.41,342.22,310.38,1,3,-1,-1
263,93,1340.81,812.70,340.66,309.85,1,3,-1,-1
264,93,1338.35,800.16,339.86,331.27,1,3,-1,-1
265,93,1341.40,811.30,331.79,312.98,1,3,-1,-1
266,93,1335.84,804.65,341.76,327.71,1,3,-1,-1
267,93,1338.52,806.71,336.27,322.46,1,3,-1,-1
268,93,1338.49,806.05,336.52,323.62,1,3,-1,-1
269,93,1337.02,802.28,341.62,329.93,1,3,-1,-1
270,93,1338.42,802.56,340.74,331.09,1,3,-1,-1
271,93,1338.22,799.08,337.19,334.64,1,3,-1,-1
272,93,1336.31,797.27,343.33,335.77,1,3,-1,-1
273,93,1336.19,796.90,343.14,336.16,1,3,-1,-1
274,93,1329.62,794.88,348.77,342.64,1,3,-1,-1
275,93,1324.11,788.27,348.05,354.93,1,3,-1,-1
276,93,1313.48,788.53,369.61,355.01,1,3,-1,-1
277,93,1308.08,783.45,372.67,357.22,1,3,-1,-1
278,93,1308.84,783.57,371.45,357.46,1,3,-1,-1
279,93,1309.00,779.40,372.51,367.60,1,3,-1,-1
280,93,1302.89,776.75,370.09,368.59,1,3,-1,-1
281,93,1294.15,770.29,379.89,380.81,1,3,-1,-1
282,93,1294.95,764.70,372.06,386.75,1,3,-1,-1
283,93,1294.91,764.68,372.31,385.95,1,3,-1,-1
284,93,1286.86,761.92,388.11,396.22,1,3,-1,-1
285,93,1284.70,761.89,389.21,398.25,1,3,-1,-1
286,93,1273.48,764.46,397.78,386.50,1,3,-1,-1
287,93,1268.28,761.18,407.38,392.09,1,3,-1,-1
288,93,1267.80,760.67,408.61,393.25,1,3,-1,-1
289,93,1261.15,745.79,406.28,429.50,1,3,-1,-1
290,93,1252.18,770.45,406.39,382.14,1,3,-1,-1
291,93,1245.52,774.04,402.93,374.40,1,3,-1,-1
292,93,1236.73,766.00,428.39,402.91,1,3,-1,-1
293,93,1236.68,766.03,429.19,402.51,1,3,-1,-1
294,93,1227.86,803.74,429.96,334.31,1,3,-1,-1
295,93,1225.26,806.11,419.56,328.31,1,3,-1,-1
296,93,1221.32,805.42,419.86,336.29,1,3,-1,-1
297,93,1216.50,810.25,434.04,349.22,1,3,-1,-1
298,93,1216.17,810.41,434.24,349.15,1,3,-1,-1
299,93,1204.33,814.21,456.80,358.01,1,3,-1,-1
300,93,1205.77,818.46,447.56,361.66,1,3,-1,-1
301,93,1204.58,805.84,455.11,388.66,1,3,-1,-1
302,93,1198.65,804.77,470.39,407.72,1,3,-1,-1
303,93,1198.60,805.05,470.53,407.36,1,3,-1,-1
304,93,1204.21,832.14,486.33,372.84,1,3,-1,-1
305,93,1203.21,837.27,490.41,381.94,1,3,-1,-1
306,93,1199.35,842.72,500.80,392.68,1,3,-1,-1
307,93,1209.09,861.46,503.59,401.79,1,3,-1,-1
308,93,1209.17,861.37,503.88,402.58,1,3,-1,-1
309,93,1221.90,814.09,517.94,506.93,1,3,-1,-1
310,93,1221.81,869.86,523.92,408.05,1,3,-1,-1
311,93,1233.83,874.85,532.54,402.22,1,3,-1,-1
312,93,1229.33,875.51,551.48,401.12,1,3,-1,-1
313,93,1228.59,875.62,552.25,401.22,1,3,-1,-1
314,93,1276.79,880.87,497.62,386.25,1,3,-1,-1
315,93,1296.98,887.48,483.39,377.95,1,3,-1,-1
316,93,1296.99,891.54,500.38,368.69,1,3,-1,-1
317,93,1315.30,898.81,515.40,359.48,1,3,-1,-1
318,93,1315.21,898.90,515.48,359.38,1,3,-1,-1
319,93,1347.73,911.14,478.03,335.33,1,3,-1,-1
320,93,1357.16,916.53,480.78,325.58,1,3,-1,-1
321,93,1359.65,920.68,510.74,318.14,1,3,-1,-1
322,93,1359.17,930.30,558.98,299.07,1,3,-1,-1
323,93,1358.39,930.55,561.07,298.52,1,3,-1,-1
324,93,1390.07,946.02,511.18,267.99,1,3,-1,-1
325,93,1414.20,954.34,478.42,251.36,1,3,-1,-1
326,93,1419.35,960.61,503.03,238.82,1,3,-1,-1
327,93,1391.93,975.71,626.82,208.62,1,3,-1,-1
328,93,1391.51,975.94,627.91,208.17,1,3,-1,-1
329,93,1397.20,985.80,662.91,188.42,1,3,-1,-1
330,93,1409.09,988.41,651.22,183.21,1,3,-1,-1
331,93,1421.43,988.34,632.68,183.36,1,3,-1,-1
332,93,1442.25,1013.76,612.53,132.52,1,3,-1,-1
333,93,1442.26,1013.86,611.04,132.31,1,3,-1,-1
334,93,1442.51,1013.98,612.19,132.07,1,3,-1,-1
