1,-1,950.33,668.31,1900.66,823.38,0.38,3,1,1
2,-1,965.74,681.61,1893.89,794.41,0.33,3,1,1
3,-1,1189.18,755.99,106.72,69.73,0.65,3,1,1
3,-1,956.05,659.03,1909.40,838.89,0.46,3,1,1
4,-1,957.17,658.16,1914.34,843.67,0.71,3,1,1
5,-1,957.01,654.38,1914.02,851.25,0.69,3,1,1
6,-1,1177.73,759.46,105.98,75.03,0.68,3,1,1
7,-1,1175.43,762.58,106.27,76.92,0.72,3,1,1
8,-1,1175.35,762.47,106.28,76.81,0.71,3,1,1
9,-1,1169.99,766.17,108.57,73.43,0.74,3,1,1
10,-1,1166.32,770.29,100.30,73.43,0.63,3,1,1
11,-1,1166.30,770.29,100.32,73.48,0.63,3,1,1
12,-1,1158.81,777.73,108.42,73.27,0.57,3,1,1
13,-1,958.18,678.94,1905.47,798.76,0.56,3,1,1
14,-1,957.19,678.70,1904.36,798.95,0.51,3,1,1
15,-1,957.19,678.87,1904.29,798.58,0.51,3,1,1
16,-1,1147.89,784.72,107.76,74.63,0.40,3,1,1
16,-1,959.59,669.32,1907.82,818.92,0.30,3,1,1
18,-1,1137.81,796.85,108.59,72.69,0.62,3,1,1
18,-1,960.69,684.86,1905.66,788.68,0.35,3,1,1
19,-1,961.22,688.47,1905.46,782.00,0.47,3,1,1
20,-1,961.36,684.17,1906.33,790.35,0.47,3,1,1
21,-1,1129.46,804.30,110.90,70.35,0.75,3,1,1
22,-1,1128.42,808.54,114.04,71.75,0.56,3,1,1
23,-1,1128.41,808.53,114.05,71.71,0.55,3,1,1
24,-1,1123.92,811.37,109.38,74.22,0.71,3,1,1
25,-1,1122.59,814.39,110.25,75.57,0.73,3,1,1
26,-1,1115.37,818.98,113.82,74.63,0.62,3,1,1
27,-1,1111.07,823.63,111.75,76.06,0.35,3,1,1
28,-1,1111.35,827.08,117.41,75.47,0.32,3,1,1
29,-1,1111.40,827.07,117.71,75.46,0.31,3,1,1
30,-1,1105.24,832.35,115.50,74.15,0.53,3,1,1
31,-1,1100.63,835.60,111.35,76.11,0.79,3,1,1
32,-1,1097.63,838.12,109.58,74.19,0.73,3,1,1
33,-1,1093.59,843.12,109.79,72.49,0.78,3,1,1
34,-1,1089.56,844.91,107.77,74.40,0.74,3,1,1
35,-1,1087.26,847.52,109.88,72.12,0.77,3,1,1
36,-1,1085.64,849.86,109.29,71.29,0.77,3,1,1
37,-1,1082.72,852.15,108.94,73.56,0.76,3,1,1
38,-1,1082.72,852.15,108.96,73.57,0.76,3,1,1
39,-1,1076.50,859.08,107.05,75.96,0.68,3,1,1
40,-1,1075.48,861.70,108.95,77.70,0.76,3,1,1
41,-1,1075.46,861.72,108.95,77.71,0.76,3,1,1
42,-1,1069.08,865.49,107.73,79.19,0.79,3,1,1
42,-1,961.76,694.68,1911.02,759.22,0.53,3,1,1
43,-1,1067.04,870.47,110.79,73.06,0.78,3,1,1
44,-1,1067.08,870.46,110.81,73.07,0.78,3,1,1
45,-1,1061.93,873.83,111.15,76.45,0.76,3,1,1
46,-1,1060.72,874.99,115.94,76.02,0.78,3,1,1
47,-1,1056.54,876.72,113.09,77.52,0.78,3,1,1
48,-1,1056.50,876.77,113.00,77.26,0.78,3,1,1
49,-1,1053.27,881.24,109.78,74.74,0.65,3,1,1
49,-1,963.22,697.47,1898.51,737.46,0.35,3,1,1
50,-1,1046.47,883.37,108.74,77.61,0.76,3,1,1
51,-1,1040.46,886.30,107.52,77.64,0.67,3,1,1
52,-1,1036.66,887.56,100.34,78.87,0.74,3,1,1
53,-1,1034.62,891.17,103.64,80.09,0.77,3,1,1
54,-1,1032.67,894.27,105.23,76.52,0.75,3,1,1
55,-1,1030.52,897.42,107.06,74.27,0.77,3,1,1
56,-1,1030.44,897.57,107.21,73.94,0.76,3,1,1
57,-1,1024.27,899.39,110.86,74.57,0.78,3,1,1
58,-1,1021.01,902.20,112.58,75.67,0.77,3,1,1
59,-1,1018.54,904.87,116.90,80.00,0.73,3,1,1
60,-1,1013.85,908.10,114.48,78.40,0.79,3,1,1
61,-1,1010.47,910.38,112.41,79.27,0.78,3,1,1
62,-1,1010.44,910.35,112.35,79.25,0.78,3,1,1
63,-1,1001.78,918.56,109.52,74.68,0.43,3,1,1
64,-1,1001.84,918.49,109.58,74.66,0.43,3,1,1
65,-1,992.58,920.28,113.11,77.61,0.76,3,1,1
66,-1,989.95,921.31,108.86,83.18,0.77,3,1,1
67,-1,987.54,924.83,109.09,78.96,0.71,3,1,1
68,-1,987.31,924.83,108.59,78.97,0.71,3,1,1
69,-1,981.53,930.36,108.91,76.29,0.73,3,1,1
70,-1,978.52,932.99,107.86,74.18,0.77,3,1,1
71,-1,972.92,932.91,109.10,82.81,0.79,3,1,1
72,-1,970.16,935.87,111.66,80.31,0.73,3,1,1
73,-1,970.10,935.84,111.60,80.39,0.73,3,1,1
74,-1,964.85,938.99,106.17,77.76,0.66,3,1,1
75,-1,958.21,942.58,110.40,76.55,0.75,3,1,1
76,-1,955.46,945.98,109.88,73.75,0.76,3,1,1
77,-1,955.50,945.96,109.93,73.78,0.76,3,1,1
78,-1,950.16,948.13,110.03,82.91,0.79,3,1,1
79,-1,946.54,950.34,111.36,82.90,0.79,3,1,1
80,-1,943.05,950.91,109.24,82.16,0.81,3,1,1
81,-1,943.05,950.91,109.22,82.13,0.81,3,1,1
82,-1,941.97,955.16,111.37,81.08,0.80,3,1,1
83,-1,941.13,956.78,110.01,81.59,0.80,3,1,1
84,-1,940.00,956.87,109.17,85.73,0.80,3,1,1
85,-1,940.03,956.80,109.15,85.80,0.80,3,1,1
86,-1,939.50,960.90,110.77,80.88,0.77,3,1,1
87,-1,939.15,963.36,113.39,82.57,0.80,3,1,1
88,-1,938.21,965.33,111.35,79.54,0.54,3,1,1
89,-1,938.15,965.33,111.21,79.58,0.54,3,1,1
90,-1,935.16,968.17,110.93,85.20,0.62,3,1,1
91,-1,935.16,968.22,110.92,85.07,0.62,3,1,1
92,-1,935.74,971.94,111.13,82.18,0.57,3,1,1
93,-1,935.69,972.04,111.02,82.23,0.55,3,1,1
94,-1,933.34,975.52,109.65,81.23,0.44,3,1,1
95,-1,933.18,978.51,110.03,80.61,0.79,3,1,1
96,-1,932.85,979.13,110.27,78.93,0.73,3,1,1
97,-1,932.79,979.15,110.23,78.91,0.73,3,1,1
98,-1,933.45,980.40,110.81,79.76,0.76,3,1,1
99,-1,931.17,983.41,107.06,78.82,0.53,3,1,1
100,-1,931.18,983.50,107.14,78.84,0.53,3,1,1
101,-1,930.17,984.95,109.18,76.51,0.58,3,1,1
102,-1,929.55,987.97,108.54,77.55,0.63,3,1,1
103,-1,931.45,988.91,111.69,76.14,0.53,3,1,1
104,-1,931.43,988.89,111.70,76.10,0.53,3,1,1
105,-1,932.88,990.85,110.46,77.02,0.42,3,1,1
106,-1,935.75,993.74,110.97,77.94,0.75,3,1,1
107,-1,935.75,993.73,111.09,77.90,0.75,3,1,1
108,-1,936.24,994.92,109.86,80.36,0.65,3,1,1
109,-1,936.02,997.60,107.37,81.67,0.70,3,1,1
110,-1,936.11,997.64,107.46,81.74,0.71,3,1,1
111,-1,938.75,1001.48,109.93,83.15,0.76,3,1,1
112,-1,936.00,1002.70,107.37,77.12,0.80,3,1,1
113,-1,935.18,1003.30,103.75,80.19,0.78,3,1,1
114,-1,935.45,1002.29,106.64,81.11,0.80,3,1,1
115,-1,935.39,1002.30,106.56,81.13,0.79,3,1,1
116,-1,935.29,1005.29,108.67,79.94,0.75,3,1,1
116,-1,203.66,391.73,68.66,60.72,0.39,3,1,1
117,-1,935.38,1004.76,110.30,81.57,0.76,3,1,1
118,-1,935.38,1004.76,110.32,81.60,0.76,3,1,1
119,-1,933.61,1004.89,109.90,76.77,0.60,3,1,1
120,-1,931.75,1004.49,108.16,78.37,0.61,3,1,1
121,-1,931.34,1004.43,107.62,77.80,0.64,3,1,1
122,-1,931.36,1004.45,107.65,77.75,0.65,3,1,1
123,-1,931.98,1003.77,108.50,78.15,0.71,3,1,1
124,-1,932.08,1003.86,108.18,78.21,0.64,3,1,1
125,-1,926.72,1003.57,105.68,78.61,0.65,3,1,1
126,-1,926.94,1002.90,107.01,78.83,0.34,3,1,1
127,-1,926.95,1002.88,107.05,78.90,0.35,3,1,1
128,-1,920.87,1003.55,109.98,79.03,0.65,3,1,1
129,-1,921.38,1000.97,113.12,80.45,0.72,3,1,1
130,-1,921.26,1000.96,113.15,80.61,0.72,3,1,1
131,-1,916.72,997.07,110.66,85.14,0.71,3,1,1
132,-1,917.41,999.91,115.87,75.45,0.61,3,1,1
133,-1,914.40,996.35,110.42,81.90,0.73,3,1,1
134,-1,914.38,996.35,110.39,81.89,0.73,3,1,1
135,-1,917.91,995.84,116.08,77.18,0.67,3,1,1
136,-1,919.03,992.39,117.80,79.18,0.60,3,1,1
137,-1,965.69,696.99,1906.24,731.37,0.32,3,1,1
138,-1,965.88,697.38,1905.95,730.62,0.30,3,1,1
139,-1,916.69,984.80,107.86,90.72,0.78,3,1,1
140,-1,919.49,985.12,112.94,81.88,0.61,3,1,1
141,-1,919.37,984.81,113.59,80.63,0.53,3,1,1
142,-1,916.11,982.60,114.54,81.81,0.73,3,1,1
143,-1,913.29,982.47,112.14,81.84,0.77,3,1,1
144,-1,913.21,982.51,111.88,81.87,0.78,3,1,1
145,-1,910.00,979.89,113.52,83.63,0.81,3,1,1
146,-1,908.42,979.06,114.50,82.49,0.81,3,1,1
147,-1,906.50,976.98,115.75,85.39,0.78,3,1,1
148,-1,906.40,977.07,115.61,85.19,0.78,3,1,1
149,-1,904.84,977.18,109.11,85.76,0.72,3,1,1
150,-1,905.56,972.00,115.20,88.89,0.78,3,1,1
151,-1,905.54,972.10,119.85,84.62,0.71,3,1,1
152,-1,905.54,972.02,119.81,84.76,0.70,3,1,1
153,-1,903.26,968.64,119.72,87.20,0.77,3,1,1
154,-1,900.48,967.51,114.88,88.23,0.73,3,1,1
155,-1,900.52,967.41,115.02,88.33,0.72,3,1,1
156,-1,903.77,966.70,114.17,90.42,0.69,3,1,1
157,-1,909.09,962.68,118.28,88.46,0.77,3,1,1
158,-1,909.20,962.59,118.57,88.52,0.77,3,1,1
159,-1,908.35,958.57,112.33,90.53,0.75,3,1,1
160,-1,912.68,955.25,121.49,95.16,0.78,3,1,1
161,-1,912.62,955.16,121.42,95.24,0.78,3,1,1
162,-1,910.56,954.12,117.51,88.35,0.75,3,1,1
163,-1,910.22,949.18,119.23,89.16,0.75,3,1,1
164,-1,910.28,949.15,119.35,89.16,0.75,3,1,1
165,-1,907.23,944.69,113.27,84.09,0.75,3,1,1
166,-1,907.13,942.79,118.60,86.22,0.76,3,1,1
167,-1,907.14,942.78,118.60,86.21,0.76,3,1,1
168,-1,906.71,938.14,122.40,87.23,0.79,3,1,1
169,-1,903.14,933.05,119.91,86.04,0.79,3,1,1
170,-1,902.66,929.46,121.90,86.08,0.82,3,1,1
171,-1,897.97,925.76,123.08,89.73,0.82,3,1,1
172,-1,897.95,925.75,122.97,89.82,0.81,3,1,1
173,-1,896.74,925.25,124.67,87.44,0.81,3,1,1
174,-1,888.42,922.93,119.71,91.13,0.79,3,1,1
175,-1,887.37,923.27,123.28,89.38,0.79,3,1,1
176,-1,875.38,916.18,118.60,90.07,0.82,3,1,1
177,-1,875.72,911.92,129.40,90.37,0.77,3,1,1
178,-1,867.48,909.19,118.29,90.64,0.76,3,1,1
178,-1,123.05,346.33,83.10,64.16,0.45,3,1,1
179,-1,867.59,909.23,118.44,90.49,0.76,3,1,1
179,-1,123.30,346.38,82.87,64.33,0.46,3,1,1
180,-1,860.38,903.25,121.81,89.57,0.78,3,1,1
181,-1,853.29,895.46,122.88,95.58,0.65,3,1,1
182,-1,852.26,892.44,127.32,90.32,0.79,3,1,1
183,-1,852.25,892.39,127.38,90.34,0.79,3,1,1
184,-1,841.62,879.96,129.00,88.95,0.56,3,1,1
185,-1,832.58,874.01,119.64,95.29,0.57,3,1,1
186,-1,828.88,863.40,125.34,95.29,0.71,3,1,1
187,-1,828.87,863.47,125.36,95.29,0.71,3,1,1
188,-1,818.11,851.07,124.74,94.59,0.79,3,1,1
189,-1,811.17,840.37,125.57,92.63,0.80,3,1,1
190,-1,803.97,831.87,123.65,95.83,0.81,3,1,1
191,-1,803.88,831.99,123.35,95.68,0.81,3,1,1
192,-1,794.28,814.50,120.92,90.67,0.78,3,1,1
193,-1,792.88,809.15,129.67,87.11,0.80,3,1,1
194,-1,792.83,809.15,129.55,87.00,0.80,3,1,1
195,-1,778.96,782.82,130.28,91.97,0.61,3,1,1
196,-1,778.96,782.81,130.26,92.02,0.61,3,1,1
197,-1,773.80,772.38,127.01,98.19,0.81,3,1,1
198,-1,769.56,762.08,123.04,90.58,0.82,3,1,1
199,-1,767.23,751.57,130.62,93.47,0.79,3,1,1
199,-1,991.47,644.09,1850.89,858.20,0.61,3,1,1
200,-1,754.84,731.32,123.60,90.05,0.35,3,1,1
201,-1,752.45,719.86,124.32,95.41,0.64,3,1,1
201,-1,1027.74,655.37,1771.55,837.31,0.28,3,1,1
202,-1,752.45,719.88,124.39,95.34,0.65,3,1,1
202,-1,1026.12,654.58,1775.66,838.67,0.32,3,1,1
203,-1,749.20,709.43,125.56,92.18,0.38,3,1,1
204,-1,744.37,688.56,122.84,90.86,0.44,3,1,1
205,-1,744.41,688.52,122.99,90.84,0.43,3,1,1
206,-1,732.27,673.51,119.47,90.75,0.72,3,1,1
206,-1,1009.73,652.35,1818.82,832.72,0.39,3,1,1
207,-1,732.31,673.45,119.46,90.78,0.73,3,1,1
207,-1,1009.56,651.65,1818.94,834.13,0.40,3,1,1
208,-1,735.66,658.62,135.31,88.29,0.59,3,1,1
208,-1,1049.01,683.07,1735.28,776.59,0.41,3,1,1
209,-1,730.49,650.40,130.78,94.01,0.70,3,1,1
209,-1,1068.44,677.14,1696.82,788.27,0.51,3,1,1
210,-1,1039.30,655.12,1761.15,839.69,0.65,3,1,1
211,-1,1039.21,655.78,1761.21,838.60,0.65,3,1,1
212,-1,719.85,633.58,125.31,93.20,0.56,3,1,1
213,-1,722.93,626.91,130.56,95.32,0.70,3,1,1
213,-1,1078.75,631.59,1663.41,859.73,0.29,3,1,1
214,-1,722.89,626.81,130.21,95.35,0.70,3,1,1
215,-1,718.01,623.84,123.61,93.79,0.76,3,1,1
215,-1,1026.49,634.60,1787.02,879.80,0.33,3,1,1
216,-1,719.53,615.45,132.16,92.34,0.58,3,1,1
217,-1,719.61,615.57,132.23,92.23,0.59,3,1,1
218,-1,722.66,608.37,138.81,99.86,0.75,3,1,1
219,-1,716.70,607.88,125.51,95.69,0.66,3,1,1
219,-1,1014.96,644.00,1810.08,871.99,0.26,3,1,1
220,-1,708.89,603.71,114.23,97.38,0.77,3,1,1
221,-1,720.09,603.14,132.40,95.91,0.79,3,1,1
222,-1,720.15,603.16,132.51,95.97,0.79,3,1,1
223,-1,712.27,600.90,114.67,92.95,0.78,3,1,1
224,-1,710.96,600.17,110.41,92.63,0.79,3,1,1
224,-1,1023.35,646.58,1783.29,859.79,0.26,3,1,1
225,-1,711.22,600.10,111.10,92.38,0.79,3,1,1
226,-1,715.96,599.07,119.99,90.96,0.78,3,1,1
226,-1,1005.50,641.73,1829.00,853.97,0.61,3,1,1
227,-1,720.37,600.80,126.41,92.39,0.74,3,1,1
227,-1,1007.24,644.27,1825.16,853.57,0.41,3,1,1
228,-1,722.19,602.49,131.67,90.31,0.74,3,1,1
229,-1,722.54,602.46,132.39,90.31,0.73,3,1,1
230,-1,721.95,605.28,123.51,89.38,0.66,3,1,1
231,-1,721.93,605.33,123.45,89.43,0.64,3,1,1
232,-1,721.59,613.95,115.79,82.91,0.64,3,1,1
232,-1,991.71,656.74,1856.58,844.43,0.35,3,1,1
233,-1,721.57,613.95,115.60,83.09,0.63,3,1,1
233,-1,992.46,656.80,1855.08,844.29,0.34,3,1,1
234,-1,722.61,618.24,113.24,90.89,0.79,3,1,1
235,-1,722.71,618.25,113.56,90.86,0.79,3,1,1
236,-1,730.99,620.13,124.92,90.24,0.61,3,1,1
237,-1,728.46,623.98,117.81,89.93,0.76,3,1,1
239,-1,1076.17,629.11,1684.79,901.78,0.31,3,1,1
240,-1,735.46,638.35,119.86,85.03,0.60,3,1,1
241,-1,735.53,638.31,120.15,85.19,0.58,3,1,1
242,-1,736.02,643.46,113.64,87.37,0.54,3,1,1
242,-1,1110.98,666.41,1616.92,827.19,0.28,3,1,1
243,-1,739.07,645.73,117.62,86.85,0.48,3,1,1
243,-1,1056.67,648.17,1726.66,863.66,0.47,3,1,1
244,-1,738.11,648.45,116.33,84.20,0.56,3,1,1
245,-1,738.12,648.54,115.96,84.26,0.55,3,1,1
246,-1,736.45,650.17,112.23,88.00,0.74,3,1,1
247,-1,736.09,649.93,112.18,86.82,0.75,3,1,1
248,-1,735.56,653.13,112.52,89.55,0.76,3,1,1
249,-1,737.56,652.93,112.07,85.30,0.76,3,1,1
250,-1,734.78,655.90,106.35,83.24,0.67,3,1,1
251,-1,737.28,657.21,113.41,86.76,0.78,3,1,1
251,-1,1040.65,690.12,1757.69,767.43,0.31,3,1,1
252,-1,736.01,657.11,111.37,86.09,0.77,3,1,1
253,-1,737.04,655.52,114.39,82.95,0.66,3,1,1
254,-1,737.24,655.55,114.72,82.89,0.66,3,1,1
255,-1,738.40,654.13,113.34,85.03,0.77,3,1,1
256,-1,738.37,654.11,113.22,84.91,0.77,3,1,1
257,-1,740.18,648.23,120.77,81.70,0.52,3,1,1
258,-1,740.38,646.05,115.21,82.74,0.76,3,1,1
259,-1,744.07,644.08,121.29,87.03,0.75,3,1,1
260,-1,743.21,640.52,120.28,83.21,0.73,3,1,1
261,-1,744.24,636.13,115.28,83.47,0.72,3,1,1
262,-1,744.22,636.12,115.22,83.47,0.72,3,1,1
263,-1,744.75,631.59,109.04,81.05,0.60,3,1,1
264,-1,744.90,628.75,106.87,84.29,0.73,3,1,1
264,-1,1031.68,657.21,1771.20,845.58,0.26,3,1,1
265,-1,748.77,623.96,109.46,85.94,0.60,3,1,1
266,-1,748.53,624.00,108.97,85.99,0.63,3,1,1
267,-1,752.24,615.71,107.05,80.41,0.79,3,1,1
268,-1,752.32,615.55,107.09,80.67,0.79,3,1,1
271,-1,755.98,598.75,99.24,81.86,0.78,3,1,1
272,-1,756.93,594.98,97.70,81.30,0.72,3,1,1
273,-1,756.89,595.02,97.76,81.40,0.72,3,1,1
274,-1,764.69,593.57,114.79,76.88,0.61,3,1,1
275,-1,969.41,662.08,1893.23,822.22,0.44,3,1,1
276,-1,968.97,661.41,1896.57,824.74,0.47,3,1,1
277,-1,767.42,581.10,108.99,74.71,0.58,3,1,1
277,-1,963.27,678.04,1901.10,796.85,0.31,3,1,1
278,-1,769.34,574.49,106.38,76.91,0.76,3,1,1
279,-1,766.66,569.31,103.97,75.36,0.73,3,1,1
280,-1,765.32,567.48,101.92,77.72,0.74,3,1,1
281,-1,765.36,567.50,102.03,77.69,0.74,3,1,1
282,-1,774.89,561.76,112.91,76.55,0.66,3,1,1
283,-1,776.11,557.42,115.75,78.61,0.67,3,1,1
284,-1,776.13,557.43,115.76,78.62,0.67,3,1,1
285,-1,774.46,553.54,111.29,76.20,0.49,3,1,1
287,-1,769.04,547.05,96.37,72.41,0.50,3,1,1
288,-1,769.31,547.00,96.78,72.49,0.52,3,1,1
289,-1,775.17,543.43,107.62,70.15,0.50,3,1,1
289,-1,960.72,665.95,1898.45,814.82,0.28,3,1,1
290,-1,773.15,539.86,104.71,75.17,0.58,3,1,1
290,-1,951.55,657.04,1903.10,836.22,0.38,3,1,1
291,-1,773.49,539.72,106.23,76.37,0.58,3,1,1
291,-1,951.67,656.58,1903.35,837.21,0.36,3,1,1
292,-1,774.81,537.17,108.87,72.55,0.68,3,1,1
292,-1,946.60,660.12,1893.20,830.02,0.61,3,1,1
293,-1,776.92,536.15,109.71,76.34,0.70,3,1,1
293,-1,965.33,660.51,1885.59,831.03,0.34,3,1,1
294,-1,776.88,536.23,109.69,76.09,0.70,3,1,1
294,-1,966.20,659.89,1884.59,832.26,0.37,3,1,1
295,-1,969.16,672.98,1896.78,814.05,0.68,3,1,1
296,-1,775.03,532.13,105.30,73.52,0.72,3,1,1
297,-1,775.06,532.19,105.32,73.48,0.72,3,1,1
297,-1,1204.52,596.55,42.12,27.01,0.25,2,1,1
298,-1,771.48,530.93,102.49,75.85,0.63,3,1,1
299,-1,777.51,528.99,106.47,77.68,0.70,3,1,1
300,-1,774.51,528.20,100.21,76.07,0.78,3,1,1
301,-1,774.53,527.59,99.72,74.69,0.73,3,1,1
302,-1,778.97,526.58,105.68,73.08,0.68,3,1,1
302,-1,962.11,659.79,1902.93,840.41,0.50,3,1,1
303,-1,775.08,526.21,97.72,69.07,0.68,3,1,1
303,-1,965.67,655.98,1905.06,839.85,0.58,3,1,1
304,-1,775.24,526.18,97.83,69.42,0.68,3,1,1
304,-1,965.30,655.50,1906.06,840.15,0.56,3,1,1
305,-1,770.29,526.00,94.62,70.28,0.69,3,1,1
305,-1,966.19,650.92,1900.26,857.46,0.36,3,1,1
306,-1,773.05,526.36,100.73,67.50,0.69,3,1,1
306,-1,963.09,639.95,1906.55,869.37,0.27,3,1,1
307,-1,772.74,525.71,102.51,67.84,0.65,3,1,1
307,-1,964.45,665.94,1893.85,819.32,0.28,3,1,1
308,-1,767.18,529.56,91.71,67.26,0.75,3,1,1
309,-1,767.43,529.41,94.06,70.10,0.73,3,1,1
309,-1,960.75,662.89,1912.70,830.52,0.47,3,1,1
310,-1,767.32,529.39,93.64,70.07,0.73,3,1,1
310,-1,960.66,661.84,1912.77,833.55,0.46,3,1,1
311,-1,765.58,529.46,98.73,77.16,0.68,3,1,1
311,-1,960.09,633.73,1906.58,880.39,0.37,3,1,1
312,-1,763.46,531.11,102.52,70.93,0.74,3,1,1
312,-1,967.66,657.91,1892.60,834.72,0.45,3,1,1
313,-1,757.64,533.08,98.84,69.44,0.73,3,1,1
313,-1,1187.00,615.96,76.52,56.34,0.37,3,1,1
313,-1,961.51,672.93,1900.46,804.68,0.35,3,1,1
314,-1,757.59,532.97,98.88,69.50,0.72,3,1,1
314,-1,961.34,672.63,1901.47,804.64,0.38,3,1,1
315,-1,755.64,533.60,98.82,72.60,0.67,3,1,1
315,-1,963.66,657.21,1902.21,832.02,0.27,3,1,1
316,-1,755.71,533.65,98.99,72.72,0.68,3,1,1
317,-1,752.52,536.42,95.62,68.15,0.56,3,1,1
317,-1,963.08,660.93,1900.72,827.69,0.53,3,1,1
318,-1,749.27,536.98,94.25,70.43,0.58,3,1,1
318,-1,964.13,660.44,1897.90,820.19,0.35,3,1,1
319,-1,746.36,537.65,98.55,70.32,0.60,3,1,1
320,-1,746.31,537.59,98.43,70.19,0.59,3,1,1
321,-1,742.10,539.38,91.49,67.67,0.53,3,1,1
322,-1,742.81,540.01,98.86,68.55,0.61,3,1,1
323,-1,961.82,664.19,1905.36,812.40,0.61,3,1,1
324,-1,741.50,543.85,105.96,68.82,0.62,3,1,1
325,-1,734.32,542.68,97.40,72.98,0.61,3,1,1
325,-1,962.09,661.40,1900.04,819.32,0.25,3,1,1
326,-1,733.19,550.20,93.94,65.10,0.52,3,1,1
327,-1,733.09,550.21,93.76,65.00,0.52,3,1,1
328,-1,731.63,550.62,93.70,63.51,0.46,3,1,1
329,-1,724.57,557.97,84.23,59.34,0.57,3,1,1
330,-1,724.92,556.69,96.33,70.50,0.61,3,1,1
330,-1,975.02,685.40,1889.39,769.18,0.38,3,1,1
331,-1,725.00,556.70,96.35,70.46,0.61,3,1,1
331,-1,974.93,685.33,1889.38,769.67,0.38,3,1,1
332,-1,720.79,557.88,90.35,66.48,0.73,3,1,1
333,-1,719.92,563.30,92.25,63.53,0.80,3,1,1
333,-1,962.28,706.37,1914.13,747.27,0.41,3,1,1
334,-1,717.53,562.69,90.66,67.92,0.78,3,1,1
334,-1,978.47,687.20,1883.06,775.80,0.27,3,1,1
335,-1,716.29,564.55,92.03,65.93,0.79,3,1,1
335,-1,966.80,681.99,1906.39,785.38,0.39,3,1,1
336,-1,713.49,567.19,89.88,66.67,0.81,3,1,1
336,-1,976.94,669.52,1886.11,813.94,0.49,3,1,1
337,-1,707.87,571.87,85.11,70.31,0.78,3,1,1
338,-1,708.20,574.60,90.63,66.79,0.73,3,1,1
338,-1,985.37,687.05,1863.71,778.52,0.27,3,1,1
339,-1,708.21,574.60,90.85,66.92,0.73,3,1,1
339,-1,978.61,693.43,1881.67,773.14,0.25,3,1,1
340,-1,705.62,580.24,84.90,69.10,0.67,3,1,1
341,-1,701.47,581.63,84.40,69.40,0.72,3,1,1
342,-1,701.39,581.60,84.29,69.40,0.72,3,1,1
343,-1,702.32,583.49,88.30,67.16,0.71,3,1,1
344,-1,695.76,587.76,90.69,69.10,0.69,3,1,1
344,-1,964.59,673.05,1904.76,811.06,0.42,3,1,1
345,-1,693.66,589.11,97.77,64.99,0.76,3,1,1
346,-1,693.67,589.08,97.79,65.01,0.76,3,1,1
347,-1,688.72,591.23,87.64,64.22,0.59,3,1,1
348,-1,689.77,590.96,94.36,70.66,0.69,3,1,1
349,-1,685.35,593.38,88.95,67.04,0.67,3,1,1
350,-1,683.94,596.39,97.43,63.74,0.62,3,1,1
351,-1,683.67,596.41,97.19,63.83,0.63,3,1,1
352,-1,680.26,600.58,91.48,66.37,0.66,3,1,1
352,-1,964.05,687.08,1906.99,785.85,0.53,3,1,1
353,-1,680.26,600.59,91.45,66.34,0.66,3,1,1
353,-1,964.11,687.02,1906.54,785.95,0.53,3,1,1
354,-1,674.20,601.52,88.61,66.40,0.72,3,1,1
355,-1,674.15,601.54,88.65,66.50,0.72,3,1,1
356,-1,676.26,606.82,96.63,60.56,0.53,3,1,1
357,-1,676.17,606.65,96.46,60.85,0.53,3,1,1
358,-1,675.56,607.32,90.47,65.32,0.69,3,1,1
358,-1,961.69,650.93,1904.77,845.51,0.32,3,1,1
359,-1,675.37,607.21,90.19,65.59,0.68,3,1,1
359,-1,961.76,650.72,1904.27,845.34,0.32,3,1,1
360,-1,673.21,608.48,85.24,63.90,0.59,3,1,1
360,-1,962.13,660.38,1908.11,838.96,0.33,3,1,1
361,-1,669.08,609.43,85.69,66.49,0.73,3,1,1
361,-1,961.93,662.72,1909.65,830.81,0.53,3,1,1
362,-1,669.03,609.34,85.52,66.63,0.72,3,1,1
362,-1,961.86,662.88,1909.74,830.64,0.55,3,1,1
363,-1,665.33,609.19,87.24,65.94,0.74,3,1,1
364,-1,661.92,610.41,84.40,65.98,0.68,3,1,1
364,-1,961.06,674.71,1907.73,801.37,0.35,3,1,1
365,-1,661.94,610.43,84.34,65.93,0.69,3,1,1
365,-1,961.05,674.57,1907.60,801.67,0.34,3,1,1
366,-1,666.85,612.48,87.42,61.37,0.72,3,1,1
366,-1,960.49,670.29,1913.97,811.13,0.43,3,1,1
367,-1,960.95,673.55,1915.06,810.96,0.79,3,1,1
368,-1,960.95,673.19,1915.10,811.70,0.79,3,1,1
369,-1,960.08,662.69,1908.76,824.43,0.68,3,1,1
370,-1,660.65,617.08,87.15,62.39,0.50,3,1,1
371,-1,662.08,616.75,89.56,62.45,0.77,3,1,1
372,-1,662.01,616.85,89.41,62.39,0.77,3,1,1
373,-1,662.78,616.39,92.92,65.25,0.80,3,1,1
374,-1,656.30,619.13,84.50,64.11,0.67,3,1,1
374,-1,957.68,670.75,1909.86,808.93,0.25,3,1,1
375,-1,654.90,618.96,82.94,65.47,0.71,3,1,1
375,-1,958.75,683.35,1908.70,781.30,0.48,3,1,1
376,-1,962.67,676.33,1905.07,802.43,0.66,3,1,1
377,-1,654.40,623.42,84.03,60.38,0.47,3,1,1
377,-1,961.34,665.19,1898.13,815.89,0.33,3,1,1
378,-1,656.31,627.59,87.16,60.08,0.54,3,1,1
379,-1,656.31,627.56,87.04,60.05,0.54,3,1,1
379,-1,960.05,672.62,1903.48,807.17,0.29,3,1,1
380,-1,652.88,629.34,84.83,63.90,0.43,3,1,1
381,-1,646.08,631.90,83.55,62.34,0.58,3,1,1
381,-1,955.04,650.62,1904.79,836.63,0.50,3,1,1
382,-1,644.91,633.48,91.91,65.34,0.45,3,1,1
382,-1,1021.29,698.28,81.65,68.00,0.30,3,1,1
383,-1,644.92,633.49,91.90,65.33,0.45,3,1,1
383,-1,1021.03,698.34,82.03,67.85,0.32,3,1,1
384,-1,636.67,637.92,86.82,62.25,0.53,3,1,1
385,-1,636.68,637.90,86.79,62.29,0.53,3,1,1
385,-1,957.50,666.48,1899.19,814.76,0.26,3,1,1
386,-1,637.42,638.94,89.98,66.73,0.64,3,1,1
387,-1,635.81,641.55,87.32,65.73,0.52,3,1,1
387,-1,964.88,680.55,1901.43,788.14,0.25,3,1,1
388,-1,635.89,641.59,87.42,65.63,0.51,3,1,1
388,-1,965.12,680.35,1901.41,788.46,0.28,3,1,1
389,-1,637.91,643.44,91.46,65.90,0.51,3,1,1
389,-1,960.10,677.22,1914.11,800.44,0.48,3,1,1
390,-1,631.42,645.45,84.95,64.01,0.40,3,1,1
390,-1,963.41,684.99,1905.46,781.64,0.36,3,1,1
391,-1,960.06,672.30,1912.97,804.53,0.45,3,1,1
392,-1,630.47,649.54,84.18,62.76,0.47,3,1,1
394,-1,631.95,656.90,82.36,62.36,0.65,3,1,1
395,-1,630.75,663.65,82.79,55.06,0.68,3,1,1
396,-1,630.88,663.66,83.02,55.09,0.68,3,1,1
397,-1,628.16,661.11,78.35,59.76,0.72,3,1,1
398,-1,630.20,662.38,82.26,62.16,0.81,3,1,1
398,-1,963.42,679.63,1909.47,798.17,0.63,3,1,1
399,-1,626.35,664.19,79.48,63.21,0.64,3,1,1
399,-1,960.73,681.09,1912.51,797.81,0.46,3,1,1
400,-1,626.38,664.23,79.32,63.20,0.65,3,1,1
400,-1,960.68,682.03,1912.80,795.95,0.49,3,1,1
401,-1,961.07,683.98,1913.72,792.02,0.68,3,1,1
402,-1,962.42,687.47,1915.16,785.06,0.81,3,1,1
403,-1,962.51,695.92,1914.97,766.07,0.75,3,1,1
404,-1,961.05,691.56,1914.34,770.28,0.70,3,1,1
405,-1,960.86,692.07,1914.66,769.28,0.70,3,1,1
406,-1,627.72,678.52,77.81,60.94,0.58,3,1,1
406,-1,962.14,671.77,1910.54,807.83,0.41,3,1,1
407,-1,630.37,678.83,80.38,65.57,0.67,3,1,1
407,-1,960.65,673.04,1915.87,804.61,0.51,3,1,1
408,-1,627.89,683.69,77.11,64.13,0.58,3,1,1
408,-1,960.14,662.00,1915.75,818.40,0.48,3,1,1
409,-1,626.31,684.05,78.68,63.44,0.58,3,1,1
409,-1,960.49,651.38,1916.41,845.10,0.55,3,1,1
410,-1,630.90,686.34,80.73,62.96,0.77,3,1,1
410,-1,958.86,659.91,1917.73,802.53,0.29,3,1,1
411,-1,630.90,687.05,77.71,62.49,0.73,3,1,1
411,-1,959.18,679.27,1918.01,791.36,0.60,3,1,1
412,-1,631.88,688.06,76.93,62.10,0.60,3,1,1
412,-1,958.76,681.16,1915.79,787.30,0.54,3,1,1
413,-1,960.82,681.86,1916.15,792.15,0.57,3,1,1
414,-1,961.29,685.51,1913.49,781.50,0.60,3,1,1
415,-1,630.00,692.58,80.93,66.07,0.59,3,1,1
415,-1,960.80,689.79,1914.72,776.03,0.55,3,1,1
416,-1,630.82,695.74,77.54,64.14,0.64,3,1,1
416,-1,960.30,687.34,1915.52,781.62,0.33,3,1,1
417,-1,957.04,681.37,1912.45,792.13,0.44,3,1,1
418,-1,959.61,687.66,1915.22,783.12,0.68,3,1,1
419,-1,635.60,702.42,85.46,59.18,0.62,3,1,1
419,-1,961.29,684.72,1912.07,789.64,0.42,3,1,1
420,-1,631.04,700.47,79.89,62.18,0.70,3,1,1
420,-1,961.34,689.37,1912.38,781.09,0.50,3,1,1
421,-1,635.76,704.98,87.24,61.25,0.66,3,1,1
422,-1,630.95,704.30,77.74,61.48,0.71,3,1,1
423,-1,630.01,708.26,75.68,59.29,0.69,3,1,1
424,-1,626.57,707.95,74.20,60.85,0.61,3,1,1
424,-1,961.14,700.72,1902.16,740.69,0.25,3,1,1
425,-1,625.30,711.80,71.80,58.25,0.61,3,1,1
426,-1,625.23,711.50,72.00,57.78,0.58,3,1,1
427,-1,625.13,711.76,73.00,59.03,0.54,3,1,1
427,-1,963.01,695.48,1898.65,759.11,0.26,3,1,1
428,-1,624.85,711.29,73.22,60.20,0.74,3,1,1
428,-1,964.87,699.11,1892.44,754.39,0.29,3,1,1
429,-1,615.20,714.89,75.17,59.56,0.51,3,1,1
430,-1,615.11,717.75,78.51,55.00,0.67,3,1,1
431,-1,615.10,717.74,78.46,54.99,0.67,3,1,1
432,-1,608.25,716.94,72.79,60.95,0.57,3,1,1
433,-1,605.71,719.81,73.39,58.03,0.76,3,1,1
434,-1,601.11,721.26,81.16,61.70,0.69,3,1,1
435,-1,601.17,721.28,81.43,61.58,0.69,3,1,1
436,-1,596.02,724.60,77.80,58.07,0.72,3,1,1
437,-1,593.98,725.26,81.89,60.85,0.57,3,1,1
437,-1,959.48,707.61,1911.47,741.74,0.34,3,1,1
438,-1,592.67,724.91,81.03,59.10,0.47,3,1,1
438,-1,958.91,699.29,1908.40,761.43,0.28,3,1,1
439,-1,587.71,725.29,79.54,61.59,0.68,3,1,1
439,-1,958.29,695.20,1910.17,769.60,0.30,3,1,1
440,-1,585.14,726.53,77.28,61.22,0.66,3,1,1
441,-1,585.69,727.16,79.58,60.48,0.70,3,1,1
441,-1,977.88,695.74,1884.24,767.61,0.32,3,1,1
442,-1,585.62,727.80,79.18,60.59,0.73,3,1,1
442,-1,960.96,698.92,1918.07,762.17,0.32,3,1,1
443,-1,585.19,728.20,78.22,59.47,0.65,3,1,1
443,-1,958.56,692.44,1917.12,774.74,0.46,3,1,1
444,-1,585.56,728.36,77.13,57.54,0.61,3,1,1
444,-1,957.35,695.51,1912.63,764.91,0.31,3,1,1
445,-1,586.35,729.92,75.62,57.93,0.71,3,1,1
445,-1,958.00,691.39,1910.92,776.79,0.25,3,1,1
446,-1,587.08,728.80,74.52,55.88,0.55,3,1,1
447,-1,587.75,729.08,74.66,55.00,0.49,3,1,1
448,-1,590.19,727.89,80.40,63.54,0.28,3,1,1
449,-1,592.48,733.01,80.02,57.15,0.53,3,1,1
450,-1,593.93,732.82,76.51,52.17,0.48,3,1,1
451,-1,592.00,732.33,72.35,51.04,0.29,3,1,1
452,-1,595.07,732.52,79.90,56.49,0.61,3,1,1
452,-1,958.05,678.85,1910.81,799.14,0.25,3,1,1
453,-1,596.49,733.27,82.92,58.84,0.46,3,1,1
454,-1,592.42,734.02,72.32,57.15,0.55,3,1,1
455,-1,954.42,675.53,1907.39,808.94,0.67,3,1,1
456,-1,959.41,679.15,1913.28,793.01,0.54,3,1,1
457,-1,586.69,738.51,72.40,54.80,0.62,3,1,1
457,-1,958.78,687.00,1914.59,783.41,0.60,3,1,1
458,-1,587.27,740.70,75.21,57.86,0.64,3,1,1
458,-1,959.03,696.89,1916.45,764.21,0.55,3,1,1
459,-1,954.59,683.61,1909.18,792.78,0.68,3,1,1
460,-1,955.52,684.78,1910.56,790.44,0.68,3,1,1
461,-1,955.58,690.25,1910.43,779.50,0.66,3,1,1
462,-1,582.63,745.58,74.91,58.87,0.68,3,1,1
462,-1,953.22,694.88,1906.44,770.25,0.63,3,1,1
463,-1,583.26,747.78,79.61,62.74,0.63,3,1,1
463,-1,953.93,689.20,1907.08,781.59,0.54,3,1,1
464,-1,952.20,688.89,1904.41,782.22,0.56,3,1,1
465,-1,583.46,751.88,76.67,60.16,0.70,3,1,1
465,-1,956.11,688.32,1911.72,783.35,0.59,3,1,1
466,-1,582.72,752.96,75.81,56.13,0.64,3,1,1
466,-1,957.77,697.84,1915.55,764.33,0.59,3,1,1
467,-1,581.83,757.58,70.79,54.47,0.66,3,1,1
467,-1,954.41,690.12,1908.83,779.77,0.64,3,1,1
468,-1,583.59,758.22,76.86,59.58,0.75,3,1,1
468,-1,953.29,678.99,1906.58,798.91,0.36,3,1,1
469,-1,582.71,758.82,75.40,61.13,0.76,3,1,1
469,-1,957.07,709.71,1913.53,740.58,0.53,3,1,1
470,-1,957.89,703.90,1915.79,752.19,0.68,3,1,1
471,-1,585.78,764.73,78.34,61.04,0.57,3,1,1
472,-1,584.58,763.67,75.47,63.58,0.61,3,1,1
473,-1,590.19,768.33,76.62,61.02,0.66,3,1,1
473,-1,957.47,701.89,1912.26,752.06,0.46,3,1,1
474,-1,590.45,771.04,77.51,56.01,0.65,3,1,1
474,-1,958.11,700.62,1912.97,758.75,0.46,3,1,1
475,-1,957.63,703.92,1915.27,752.16,0.67,3,1,1
476,-1,956.87,700.41,1913.74,755.89,0.63,3,1,1
477,-1,957.25,692.35,1914.50,775.29,0.64,3,1,1
478,-1,957.72,695.54,1914.45,768.92,0.73,3,1,1
479,-1,958.43,691.57,1916.86,776.86,0.76,3,1,1
480,-1,958.41,702.66,1916.35,754.67,0.70,3,1,1
481,-1,959.07,696.72,1917.00,766.55,0.70,3,1,1
483,-1,597.64,798.50,76.97,53.57,0.51,3,1,1
483,-1,958.36,663.77,1912.47,832.46,0.27,3,1,1
484,-1,957.92,675.01,1912.99,809.98,0.37,3,1,1
485,-1,595.45,806.42,75.05,52.70,0.46,3,1,1
485,-1,957.65,678.79,1913.75,801.82,0.33,3,1,1
486,-1,591.82,806.13,75.82,59.17,0.60,3,1,1
486,-1,959.21,696.47,1916.77,767.06,0.36,3,1,1
487,-1,959.22,699.31,1916.82,761.39,0.65,3,1,1
488,-1,958.78,686.80,1916.15,786.39,0.52,3,1,1
489,-1,908.66,888.75,67.33,51.37,0.40,3,1,1
489,-1,590.84,813.85,77.69,57.40,0.34,3,1,1
490,-1,587.93,814.35,73.16,63.73,0.61,3,1,1
490,-1,959.33,694.78,1915.87,770.43,0.43,3,1,1
491,-1,587.16,816.47,75.53,63.87,0.58,3,1,1
491,-1,959.34,705.68,1914.46,748.64,0.32,3,1,1
492,-1,585.59,821.54,71.01,57.10,0.68,3,1,1
492,-1,956.61,674.34,1913.21,811.31,0.51,3,1,1
493,-1,958.18,709.61,1914.97,740.53,0.57,3,1,1
494,-1,585.04,825.64,74.43,59.05,0.57,3,1,1
494,-1,957.66,719.23,1912.55,721.02,0.40,3,1,1
496,-1,584.36,832.03,73.03,58.16,0.55,3,1,1
496,-1,957.17,719.80,1912.20,720.41,0.29,3,1,1
497,-1,585.23,834.74,73.28,57.68,0.76,3,1,1
498,-1,586.85,836.08,78.37,58.75,0.42,3,1,1
499,-1,956.73,734.77,1913.45,689.78,0.31,3,1,1
500,-1,956.61,730.38,1912.29,699.24,0.27,3,1,1
501,-1,581.97,843.09,72.70,57.86,0.62,3,1,1
501,-1,956.07,730.48,1912.13,699.03,0.38,3,1,1
502,-1,955.33,720.54,1910.65,718.22,0.27,3,1,1
503,-1,581.11,846.28,73.62,62.80,0.67,3,1,1
504,-1,577.34,846.58,76.83,66.28,0.37,3,1,1
505,-1,579.33,850.61,72.05,61.57,0.59,3,1,1
506,-1,578.80,851.73,69.21,60.31,0.72,3,1,1
507,-1,577.18,854.54,69.11,59.92,0.44,3,1,1
507,-1,956.85,701.15,1913.35,757.71,0.32,3,1,1
508,-1,573.80,855.37,72.28,57.85,0.40,3,1,1
509,-1,570.48,856.01,72.77,62.36,0.74,3,1,1
510,-1,571.90,856.75,73.87,58.62,0.55,3,1,1
511,-1,566.45,857.26,69.91,59.87,0.54,3,1,1
512,-1,568.29,859.79,71.85,60.55,0.48,3,1,1
513,-1,565.33,861.29,71.41,61.67,0.51,3,1,1
514,-1,564.79,862.76,73.67,61.52,0.36,3,1,1
515,-1,560.73,864.62,72.11,60.80,0.54,3,1,1
516,-1,561.62,867.54,73.56,63.42,0.64,3,1,1
517,-1,562.59,867.80,71.45,60.48,0.48,3,1,1
518,-1,560.32,867.27,68.88,57.93,0.50,3,1,1
519,-1,558.22,868.22,66.87,60.86,0.73,3,1,1
520,-1,559.44,869.22,67.98,59.18,0.66,3,1,1
522,-1,559.72,868.53,68.56,56.91,0.37,3,1,1
523,-1,560.35,872.12,71.36,55.35,0.36,3,1,1
524,-1,559.49,872.54,71.43,55.19,0.33,3,1,1
526,-1,560.69,874.30,70.96,56.68,0.53,3,1,1
527,-1,564.97,872.92,69.70,56.07,0.56,3,1,1
528,-1,565.82,873.90,71.06,54.27,0.65,3,1,1
529,-1,566.74,873.42,70.17,56.44,0.62,3,1,1
530,-1,568.95,876.57,72.69,57.57,0.40,3,1,1
531,-1,570.26,875.25,70.17,52.31,0.42,3,1,1
531,-1,957.99,728.01,1911.89,703.98,0.34,3,1,1
533,-1,574.20,877.00,75.10,58.88,0.55,3,1,1
534,-1,575.43,877.67,75.30,57.96,0.61,3,1,1
535,-1,573.74,877.40,71.61,54.38,0.28,3,1,1
537,-1,572.81,876.66,72.55,59.10,0.42,3,1,1
538,-1,572.39,876.20,72.81,57.36,0.30,3,1,1
539,-1,571.56,875.91,69.62,56.04,0.27,3,1,1
540,-1,571.09,874.63,71.31,55.53,0.63,3,1,1
541,-1,570.45,874.08,70.99,58.19,0.49,3,1,1
542,-1,570.06,874.60,68.81,53.79,0.46,3,1,1
543,-1,568.77,873.03,66.26,52.65,0.51,3,1,1
544,-1,569.11,871.22,66.02,53.75,0.65,3,1,1
544,-1,958.63,727.25,1912.75,705.49,0.25,3,1,1
545,-1,571.46,871.42,71.66,54.62,0.61,3,1,1
546,-1,570.32,873.67,73.65,52.20,0.35,3,1,1
547,-1,569.78,873.34,70.25,52.75,0.46,3,1,1
548,-1,568.43,873.01,64.70,51.50,0.49,3,1,1
549,-1,567.40,869.94,66.75,54.23,0.26,3,1,1
550,-1,565.70,868.54,63.08,56.19,0.50,3,1,1
551,-1,565.70,869.29,65.87,55.33,0.44,3,1,1
552,-1,567.22,869.71,64.57,54.91,0.44,3,1,1
553,-1,567.26,867.37,64.32,54.86,0.35,3,1,1
553,-1,959.21,702.49,1910.71,755.03,0.25,3,1,1
554,-1,567.61,866.51,65.22,55.73,0.54,3,1,1
555,-1,567.12,865.84,67.43,57.96,0.60,3,1,1
555,-1,958.12,697.57,1914.48,764.27,0.28,3,1,1
556,-1,566.91,865.50,69.84,56.62,0.43,3,1,1
557,-1,567.20,865.14,66.09,54.75,0.55,3,1,1
558,-1,566.13,863.33,67.76,52.85,0.26,3,1,1
559,-1,567.76,863.74,67.72,53.09,0.33,3,1,1
560,-1,566.95,862.38,69.83,54.34,0.65,3,1,1
561,-1,566.45,863.16,68.87,54.30,0.59,3,1,1
562,-1,566.39,861.57,71.43,58.45,0.46,3,1,1
562,-1,959.51,713.48,1914.65,733.04,0.41,3,1,1
563,-1,564.10,862.04,73.44,57.06,0.50,3,1,1
563,-1,958.80,713.73,1915.63,732.55,0.28,3,1,1
564,-1,561.36,862.28,74.21,54.89,0.55,3,1,1
565,-1,561.00,862.10,73.89,55.82,0.76,3,1,1
565,-1,958.96,703.96,1917.81,752.08,0.35,3,1,1
566,-1,561.96,863.04,74.00,56.14,0.67,3,1,1
567,-1,561.76,863.03,76.90,57.90,0.51,3,1,1
567,-1,959.59,711.40,1913.60,737.21,0.30,3,1,1
568,-1,557.37,864.50,71.69,54.07,0.41,3,1,1
568,-1,958.77,715.32,1916.27,729.37,0.41,3,1,1
569,-1,555.05,865.65,73.56,60.12,0.49,3,1,1
571,-1,550.48,867.53,69.57,55.67,0.64,3,1,1
572,-1,551.56,870.24,73.80,53.13,0.74,3,1,1
573,-1,550.43,872.95,76.47,52.39,0.78,3,1,1
574,-1,548.85,872.88,76.02,53.60,0.70,3,1,1
575,-1,543.48,871.84,65.85,53.41,0.43,3,1,1
576,-1,544.17,873.39,69.11,52.55,0.69,3,1,1
577,-1,546.12,873.46,75.84,54.52,0.77,3,1,1
578,-1,545.82,873.88,77.64,58.70,0.74,3,1,1
579,-1,544.67,875.28,75.02,58.75,0.76,3,1,1
580,-1,542.79,876.03,71.66,56.61,0.55,3,1,1
580,-1,958.63,724.36,1914.58,711.27,0.27,3,1,1
581,-1,539.22,874.43,71.32,55.99,0.56,3,1,1
582,-1,540.60,875.25,73.67,56.34,0.50,3,1,1
583,-1,540.62,875.07,73.98,56.72,0.58,3,1,1
584,-1,543.39,875.28,75.12,58.96,0.47,3,1,1
585,-1,544.63,876.35,71.33,56.88,0.56,3,1,1
586,-1,545.27,877.01,72.43,57.14,0.55,3,1,1
587,-1,543.88,876.16,71.20,57.21,0.58,3,1,1
588,-1,543.06,875.43,71.49,55.33,0.49,3,1,1
589,-1,543.53,875.44,69.84,52.83,0.43,3,1,1
590,-1,548.33,873.61,74.94,58.13,0.58,3,1,1
591,-1,546.72,874.13,77.41,52.36,0.49,3,1,1
592,-1,546.56,872.15,77.08,54.52,0.27,3,1,1
593,-1,858.49,939.45,65.25,47.27,0.27,3,1,1
596,-1,543.08,868.50,72.51,57.09,0.66,3,1,1
597,-1,544.95,865.36,75.28,58.52,0.37,3,1,1
598,-1,540.46,864.23,68.83,54.21,0.69,3,1,1
598,-1,959.29,715.70,1911.70,728.60,0.34,3,1,1
599,-1,539.26,861.55,69.87,55.51,0.62,3,1,1
599,-1,960.03,710.41,1911.59,739.17,0.40,3,1,1
600,-1,539.11,860.32,74.88,55.65,0.57,3,1,1
600,-1,958.76,716.29,1910.47,727.41,0.37,3,1,1
602,-1,531.51,855.20,71.04,57.95,0.61,3,1,1
603,-1,529.31,853.50,71.71,54.96,0.44,3,1,1
604,-1,959.89,709.74,1909.69,740.34,0.38,3,1,1
605,-1,528.98,851.11,74.39,57.85,0.66,3,1,1
606,-1,525.91,846.91,69.92,53.42,0.64,3,1,1
607,-1,958.95,716.29,1908.65,727.42,0.32,3,1,1
608,-1,961.05,727.72,1908.23,704.55,0.48,3,1,1
609,-1,513.99,832.74,70.86,58.55,0.33,3,1,1
610,-1,961.55,723.50,1906.50,712.99,0.39,3,1,1
612,-1,511.26,822.12,74.68,63.83,0.63,3,1,1
613,-1,506.03,815.62,71.82,62.07,0.62,3,1,1
615,-1,493.90,806.62,72.18,61.78,0.63,3,1,1
617,-1,488.49,801.08,74.44,62.58,0.60,3,1,1
618,-1,806.81,862.14,76.53,51.81,0.66,3,1,1
619,-1,480.34,792.77,65.74,58.65,0.65,3,1,1
619,-1,959.64,698.77,1914.53,761.32,0.61,3,1,1
620,-1,960.84,699.03,1910.24,761.95,0.60,3,1,1
621,-1,803.56,854.08,75.41,46.94,0.27,2,1,1
625,-1,476.72,761.12,81.35,58.75,0.60,3,1,1
626,-1,475.33,756.59,74.36,57.91,0.46,3,1,1
628,-1,477.20,749.49,83.00,61.41,0.39,3,1,1
631,-1,478.21,732.37,81.60,59.16,0.54,3,1,1
631,-1,950.36,695.99,1899.00,757.49,0.38,3,1,1
632,-1,953.68,686.53,1906.28,771.49,0.55,3,1,1
633,-1,953.82,693.93,1903.82,756.84,0.47,3,1,1
634,-1,953.35,700.84,1902.57,750.45,0.38,3,1,1
635,-1,477.80,709.32,75.43,62.75,0.64,3,1,1
636,-1,962.82,702.30,1903.17,754.05,0.36,3,1,1
637,-1,962.46,713.10,1903.05,731.76,0.46,3,1,1
639,-1,967.12,709.00,1894.72,737.75,0.42,3,1,1
641,-1,477.23,678.73,74.36,61.72,0.37,3,1,1
641,-1,958.59,694.69,1904.52,763.97,0.34,3,1,1
642,-1,952.39,686.16,1904.79,775.04,0.66,3,1,1
643,-1,959.93,696.85,1910.84,750.02,0.51,3,1,1
644,-1,956.87,698.50,1913.73,760.18,0.61,3,1,1
645,-1,957.49,688.64,1909.21,766.29,0.27,3,1,1
646,-1,470.51,655.86,76.33,57.72,0.39,3,1,1
647,-1,471.58,650.12,76.25,63.13,0.37,3,1,1
648,-1,469.21,646.75,76.28,60.67,0.71,3,1,1
649,-1,469.25,646.71,76.35,60.65,0.71,3,1,1
650,-1,466.36,639.16,76.18,57.61,0.58,3,1,1
651,-1,464.94,636.95,76.94,59.57,0.42,3,1,1
652,-1,461.04,631.39,72.42,56.53,0.40,3,1,1
653,-1,462.84,628.59,74.37,55.09,0.37,3,1,1
654,-1,461.61,624.48,76.49,59.38,0.64,3,1,1
654,-1,959.76,671.93,1907.84,807.46,0.35,3,1,1
655,-1,460.57,619.70,76.10,60.79,0.77,3,1,1
656,-1,461.42,615.35,78.61,60.83,0.43,3,1,1
657,-1,457.33,613.97,73.00,57.03,0.64,3,1,1
658,-1,458.71,612.41,76.14,62.07,0.65,3,1,1
659,-1,457.36,609.07,76.91,59.21,0.54,3,1,1
660,-1,455.24,607.19,72.70,57.02,0.72,3,1,1
661,-1,454.14,605.08,76.08,58.10,0.73,3,1,1
662,-1,451.43,601.36,78.08,59.67,0.74,3,1,1
663,-1,449.70,599.06,74.76,59.88,0.70,3,1,1
664,-1,447.83,595.18,75.84,59.96,0.37,3,1,1
665,-1,449.44,595.02,81.76,60.36,0.73,3,1,1
666,-1,446.74,592.36,81.77,63.82,0.63,3,1,1
667,-1,443.55,589.99,76.05,60.12,0.25,3,1,1
668,-1,438.84,586.17,73.24,58.27,0.26,3,1,1
669,-1,437.57,585.23,71.33,57.78,0.65,3,1,1
670,-1,438.14,582.83,75.78,57.16,0.66,3,1,1
671,-1,438.93,581.73,80.63,56.84,0.69,3,1,1
672,-1,445.31,575.96,97.40,60.57,0.50,3,1,1
673,-1,432.07,572.62,74.22,60.10,0.69,3,1,1
674,-1,432.17,572.59,74.24,59.98,0.69,3,1,1
675,-1,426.57,564.20,81.46,60.86,0.69,3,1,1
676,-1,424.17,563.57,79.71,53.43,0.61,3,1,1
677,-1,425.50,559.24,85.29,60.92,0.64,3,1,1
678,-1,417.36,551.42,75.05,59.26,0.65,3,1,1
679,-1,423.20,551.74,83.75,56.27,0.59,3,1,1
679,-1,1254.96,677.77,38.76,37.79,0.26,2,1,1
680,-1,421.05,547.96,78.30,57.05,0.33,3,1,1
682,-1,412.85,537.22,83.09,59.18,0.30,3,1,1
683,-1,412.78,529.81,85.31,59.81,0.49,3,1,1
683,-1,1254.64,654.67,43.51,39.70,0.35,2,1,1
684,-1,413.64,529.98,89.20,56.14,0.38,3,1,1
685,-1,409.14,523.34,84.94,57.55,0.55,3,1,1
686,-1,406.52,518.71,80.32,60.08,0.50,3,1,1
686,-1,1255.66,635.08,44.01,40.41,0.27,2,1,1
687,-1,407.49,516.30,83.37,55.67,0.54,3,1,1
688,-1,404.72,507.59,83.10,61.55,0.66,3,1,1
689,-1,1259.35,616.43,45.40,44.90,0.29,2,1,1
691,-1,405.54,492.57,85.88,60.53,0.61,3,1,1
692,-1,405.13,488.08,80.35,54.76,0.40,3,1,1
693,-1,407.58,478.29,88.79,65.66,0.60,3,1,1
694,-1,406.57,469.71,84.32,69.81,0.26,3,1,1
695,-1,408.46,462.69,82.66,67.69,0.66,3,1,1
696,-1,412.35,455.90,90.88,61.59,0.68,3,1,1
697,-1,412.18,450.94,84.56,64.78,0.79,3,1,1
698,-1,411.91,442.20,78.47,64.88,0.76,3,1,1
699,-1,417.83,434.02,84.54,68.32,0.66,3,1,1
700,-1,418.18,426.28,91.89,65.12,0.36,3,1,1
701,-1,425.03,422.08,87.74,68.47,0.42,3,1,1
702,-1,426.41,419.24,86.60,61.69,0.63,3,1,1
703,-1,429.39,411.27,90.59,66.07,0.63,3,1,1
704,-1,432.81,403.37,89.41,61.95,0.65,3,1,1
705,-1,435.72,396.07,93.21,64.09,0.69,3,1,1
706,-1,440.49,391.91,93.10,67.52,0.54,3,1,1
707,-1,442.64,381.59,98.71,70.20,0.62,3,1,1
708,-1,445.03,377.33,93.62,70.99,0.58,3,1,1
709,-1,445.18,367.51,96.34,75.20,0.31,3,1,1
710,-1,447.98,362.52,103.66,72.73,0.56,3,1,1
712,-1,452.76,350.88,97.85,66.07,0.31,3,1,1
716,-1,463.73,330.51,106.46,67.45,0.69,3,1,1
717,-1,462.83,323.99,103.89,72.69,0.71,3,1,1
718,-1,465.40,318.67,103.49,74.20,0.73,3,1,1
719,-1,468.02,313.41,103.72,74.59,0.53,3,1,1
721,-1,473.14,306.85,91.56,70.38,0.75,3,1,1
722,-1,472.23,303.01,93.44,65.65,0.62,3,1,1
723,-1,475.95,302.14,97.62,69.57,0.65,3,1,1
724,-1,478.10,301.58,97.16,69.37,0.68,3,1,1
725,-1,478.57,301.78,91.32,67.77,0.70,3,1,1
726,-1,481.18,301.80,93.70,68.04,0.62,3,1,1
727,-1,485.32,301.71,95.75,66.07,0.61,3,1,1
728,-1,483.82,299.74,90.94,65.36,0.63,3,1,1
729,-1,481.94,300.19,96.18,63.73,0.64,3,1,1
730,-1,489.89,301.60,102.64,67.11,0.72,3,1,1
731,-1,487.69,301.16,95.24,64.58,0.66,3,1,1
732,-1,492.32,305.01,104.64,70.50,0.69,3,1,1
733,-1,495.81,305.70,104.78,67.76,0.71,3,1,1
734,-1,493.24,305.14,97.41,63.12,0.60,3,1,1
735,-1,496.53,309.43,99.78,66.95,0.67,3,1,1
736,-1,495.13,309.58,96.71,68.93,0.68,3,1,1
737,-1,495.61,315.11,98.95,69.18,0.45,3,1,1
738,-1,488.52,315.30,89.20,67.12,0.60,3,1,1
739,-1,490.80,318.10,100.29,77.78,0.69,3,1,1
740,-1,488.15,320.42,95.64,75.00,0.72,3,1,1
741,-1,488.95,324.48,97.29,69.53,0.67,3,1,1
742,-1,490.11,328.81,101.10,67.97,0.58,3,1,1
743,-1,488.24,332.28,101.27,68.98,0.72,3,1,1
744,-1,484.42,335.05,100.04,72.79,0.67,3,1,1
745,-1,478.89,340.16,97.28,73.79,0.73,3,1,1
746,-1,475.99,344.66,90.78,72.44,0.76,3,1,1
747,-1,475.10,346.54,97.14,81.84,0.72,3,1,1
748,-1,474.79,350.29,95.02,70.71,0.55,3,1,1
749,-1,468.68,353.30,88.65,75.98,0.64,3,1,1
750,-1,466.39,357.90,85.30,68.84,0.63,3,1,1
751,-1,465.77,360.51,92.18,75.10,0.72,3,1,1
752,-1,463.80,366.11,89.09,68.77,0.75,3,1,1
753,-1,459.25,369.47,85.41,67.89,0.77,3,1,1
754,-1,456.03,375.15,83.45,65.94,0.74,3,1,1
755,-1,453.24,376.90,89.62,64.86,0.71,3,1,1
756,-1,448.61,374.74,90.63,71.41,0.75,3,1,1
757,-1,448.99,378.50,93.27,70.88,0.73,3,1,1
757,-1,1494.44,303.76,151.47,79.24,0.34,3,1,1
758,-1,447.76,382.40,98.74,69.73,0.71,3,1,1
759,-1,441.02,384.83,94.83,70.08,0.75,3,1,1
760,-1,438.43,390.05,90.60,67.03,0.76,3,1,1
761,-1,438.06,389.56,97.62,70.20,0.77,3,1,1
762,-1,432.17,391.96,85.53,64.31,0.74,3,1,1
763,-1,431.88,392.13,92.75,68.94,0.75,3,1,1
764,-1,425.76,391.97,85.05,64.58,0.66,3,1,1
765,-1,429.22,395.22,86.48,66.36,0.76,3,1,1
766,-1,427.58,395.27,81.95,62.88,0.69,3,1,1
767,-1,428.88,395.34,84.85,64.39,0.70,3,1,1
