1,-1,1107.41,707.61,266.25,194.51,0.87,3,1,1
2,-1,1134.52,705.64,267.43,196.98,0.85,3,1,1
3,-1,1134.53,705.51,267.44,196.74,0.85,3,1,1
4,-1,1161.87,702.66,268.43,194.97,0.85,3,1,1
5,-1,1189.26,700.67,270.72,193.01,0.84,3,1,1
6,-1,1215.03,698.97,271.28,192.40,0.87,3,1,1
7,-1,1242.21,697.02,271.71,197.28,0.88,3,1,1
8,-1,1267.95,694.97,270.12,198.56,0.87,3,1,1
9,-1,1267.94,694.98,270.12,198.53,0.87,3,1,1
10,-1,1296.92,695.05,266.53,195.96,0.87,3,1,1
11,-1,1325.20,693.77,264.96,196.56,0.88,3,1,1
12,-1,1350.63,690.87,268.72,199.60,0.88,3,1,1
13,-1,1376.96,693.05,266.99,195.49,0.89,3,1,1
14,-1,1399.49,693.43,265.86,196.72,0.88,3,1,1
15,-1,1399.47,693.42,265.88,196.73,0.88,3,1,1
16,-1,1422.68,695.07,262.14,197.55,0.88,3,1,1
17,-1,1444.63,697.22,260.40,200.67,0.90,3,1,1
18,-1,1466.62,701.42,256.61,201.37,0.88,3,1,1
19,-1,1487.10,702.97,259.34,200.81,0.89,3,1,1
20,-1,1508.30,704.36,260.88,199.36,0.89,3,1,1
21,-1,1508.30,704.36,260.90,199.39,0.89,3,1,1
22,-1,1528.20,708.01,261.45,200.77,0.90,3,1,1
23,-1,1566.89,716.37,255.34,194.24,0.90,3,1,1
24,-1,1583.89,719.91,253.27,200.47,0.90,3,1,1
25,-1,1599.55,724.26,256.40,199.87,0.89,3,1,1
26,-1,1614.79,728.78,255.01,200.64,0.90,3,1,1
27,-1,1614.80,728.80,254.99,200.64,0.90,3,1,1
28,-1,1630.74,734.30,253.20,202.80,0.88,3,1,1
29,-1,1642.42,739.32,251.96,201.52,0.89,3,1,1
30,-1,1655.54,745.85,250.01,200.63,0.88,3,1,1
31,-1,1655.55,745.86,250.00,200.65,0.88,3,1,1
32,-1,1667.77,747.89,249.15,206.01,0.88,3,1,1
33,-1,1667.79,747.89,249.15,206.00,0.88,3,1,1
34,-1,1677.57,752.28,250.05,202.69,0.90,3,1,1
35,-1,1684.20,756.08,248.95,203.80,0.86,3,1,1
36,-1,1689.43,759.18,251.07,202.92,0.88,3,1,1
37,-1,1696.06,763.88,247.78,198.36,0.88,3,1,1
38,-1,1701.25,766.51,247.64,202.18,0.89,3,1,1
39,-1,1701.26,766.52,247.63,202.18,0.89,3,1,1
40,-1,1705.84,770.12,246.45,200.95,0.89,3,1,1
41,-1,1706.90,771.18,246.06,203.40,0.89,3,1,1
42,-1,1710.39,772.92,245.57,202.43,0.90,3,1,1
43,-1,1712.90,775.09,245.69,202.50,0.90,3,1,1
44,-1,1716.04,775.87,248.46,203.89,0.90,3,1,1
45,-1,1716.08,775.91,248.44,203.85,0.90,3,1,1
46,-1,1717.11,778.95,247.05,204.64,0.89,3,1,1
47,-1,1717.42,780.07,247.09,205.08,0.89,3,1,1
48,-1,1718.52,782.54,246.19,203.85,0.89,3,1,1
49,-1,1718.97,783.04,245.94,207.00,0.89,3,1,1
50,-1,1718.98,784.75,246.92,205.45,0.89,3,1,1
51,-1,1718.96,784.71,246.85,205.43,0.89,3,1,1
52,-1,1719.05,785.19,246.50,204.88,0.89,3,1,1
53,-1,1718.87,786.74,246.26,201.55,0.88,3,1,1
54,-1,1718.63,787.18,247.94,206.45,0.89,3,1,1
55,-1,1718.87,787.80,247.44,206.40,0.88,3,1,1
56,-1,1719.06,787.58,247.98,206.67,0.88,3,1,1
57,-1,1719.05,787.59,248.02,206.65,0.88,3,1,1
58,-1,1719.31,787.49,248.26,205.29,0.88,3,1,1
59,-1,1719.57,785.98,248.16,206.88,0.89,3,1,1
60,-1,1721.46,784.44,252.61,206.91,0.87,3,1,1
61,-1,1721.42,784.42,252.48,206.92,0.87,3,1,1
62,-1,1720.38,781.12,253.97,203.31,0.88,3,1,1
63,-1,1720.36,781.12,253.90,203.29,0.88,3,1,1
64,-1,1721.79,778.72,255.41,203.84,0.88,3,1,1
65,-1,1721.26,776.22,256.54,202.60,0.89,3,1,1
66,-1,1723.39,772.91,259.25,203.26,0.90,3,1,1
67,-1,1724.22,770.25,260.95,201.99,0.90,3,1,1
68,-1,1725.29,765.95,259.98,201.38,0.89,3,1,1
69,-1,1725.28,765.95,259.97,201.37,0.89,3,1,1
70,-1,1726.88,760.19,259.05,200.50,0.88,3,1,1
71,-1,1722.79,755.75,260.66,200.55,0.89,3,1,1
72,-1,1723.83,750.34,261.42,200.44,0.89,3,1,1
73,-1,1723.18,744.14,264.45,199.70,0.88,3,1,1
74,-1,1720.93,735.47,259.90,199.30,0.89,3,1,1
75,-1,1720.94,735.48,259.90,199.27,0.89,3,1,1
76,-1,1720.25,729.38,260.31,198.98,0.90,3,1,1
77,-1,1719.33,722.14,264.48,197.74,0.90,3,1,1
78,-1,1714.73,714.58,261.79,194.25,0.89,3,1,1
79,-1,1712.66,705.76,262.18,195.74,0.90,3,1,1
80,-1,1709.70,696.52,260.71,196.46,0.88,3,1,1
81,-1,1709.68,696.55,260.69,196.47,0.88,3,1,1
82,-1,1707.81,687.59,265.32,196.54,0.85,3,1,1
83,-1,1703.57,679.22,263.26,195.99,0.90,3,1,1
84,-1,1701.58,670.43,264.61,192.84,0.90,3,1,1
85,-1,1696.34,650.12,268.37,192.05,0.89,3,1,1
86,-1,1694.51,639.57,272.13,197.16,0.88,3,1,1
87,-1,1694.54,639.51,272.09,197.23,0.88,3,1,1
88,-1,1692.32,630.11,273.28,197.80,0.89,3,1,1
89,-1,1692.34,630.08,273.27,197.79,0.89,3,1,1
90,-1,1690.47,619.70,271.83,194.82,0.90,3,1,1
91,-1,1687.85,610.97,274.92,194.70,0.91,3,1,1
92,-1,1685.10,602.17,274.60,192.76,0.88,3,1,1
93,-1,1685.08,602.19,274.57,192.71,0.88,3,1,1
94,-1,1682.97,593.34,277.90,192.96,0.88,3,1,1
95,-1,1679.07,582.32,273.22,196.63,0.89,3,1,1
96,-1,1676.77,573.61,276.81,196.57,0.89,3,1,1
97,-1,1672.36,563.14,276.68,193.30,0.90,3,1,1
98,-1,1669.85,554.25,276.57,193.70,0.89,3,1,1
99,-1,1669.88,554.28,276.62,193.66,0.89,3,1,1
100,-1,1667.71,546.63,278.61,192.11,0.88,3,1,1
101,-1,1665.78,537.60,280.30,197.40,0.89,3,1,1
102,-1,1662.28,529.51,282.54,192.96,0.89,3,1,1
103,-1,1660.52,522.87,281.51,191.19,0.90,3,1,1
104,-1,1656.85,515.66,281.57,191.54,0.90,3,1,1
105,-1,1656.83,515.67,281.53,191.49,0.90,3,1,1
106,-1,1653.55,504.44,282.94,189.73,0.88,3,1,1
107,-1,1649.73,495.87,281.65,191.08,0.87,3,1,1
108,-1,1647.31,491.27,283.73,189.76,0.87,3,1,1
109,-1,1642.72,483.91,286.68,194.82,0.88,3,1,1
109,-1,716.61,297.66,188.95,61.56,0.26,3,1,1
110,-1,1637.47,481.75,285.23,189.43,0.87,3,1,1
110,-1,715.11,297.12,168.49,63.98,0.36,3,1,1
111,-1,1637.49,481.76,285.28,189.38,0.87,3,1,1
111,-1,714.66,297.20,169.47,64.01,0.33,3,1,1
112,-1,1631.06,480.89,284.31,191.50,0.88,3,1,1
113,-1,1625.19,481.45,283.93,194.47,0.89,3,1,1
114,-1,1618.04,484.16,283.00,193.46,0.89,3,1,1
114,-1,692.34,294.84,179.31,66.51,0.26,3,1,1
115,-1,1612.17,489.34,282.68,194.90,0.89,3,1,1
115,-1,688.82,297.46,170.74,67.40,0.33,3,1,1
116,-1,1604.44,491.85,283.85,194.84,0.88,3,1,1
117,-1,1604.42,491.78,283.92,195.00,0.88,3,1,1
118,-1,1584.92,504.62,282.89,194.72,0.88,3,1,1
119,-1,1575.99,513.51,285.17,196.64,0.88,3,1,1
120,-1,1567.92,522.37,289.34,193.64,0.90,3,1,1
121,-1,1567.90,522.39,289.19,193.58,0.90,3,1,1
122,-1,1559.21,530.85,291.52,194.89,0.87,3,1,1
123,-1,1559.18,530.72,291.42,194.64,0.87,3,1,1
124,-1,1559.23,530.73,291.51,194.63,0.87,3,1,1
125,-1,1550.32,536.58,284.86,199.43,0.88,3,1,1
126,-1,1539.23,544.57,284.57,195.16,0.88,3,1,1
127,-1,1521.71,560.41,285.49,199.04,0.89,3,1,1
128,-1,1515.32,570.98,282.82,195.83,0.90,3,1,1
128,-1,621.73,317.85,151.04,77.57,0.31,3,1,1
129,-1,1515.38,570.87,282.79,195.93,0.90,3,1,1
129,-1,621.74,317.89,151.18,77.40,0.31,3,1,1
130,-1,1509.45,577.88,285.27,200.01,0.89,3,1,1
131,-1,1502.79,585.93,283.24,202.64,0.88,3,1,1
132,-1,1497.68,593.95,280.05,197.60,0.88,3,1,1
132,-1,597.91,331.74,150.84,75.83,0.27,3,1,1
133,-1,1493.10,602.60,285.86,199.56,0.89,3,1,1
134,-1,1489.93,609.23,285.44,201.03,0.90,3,1,1
135,-1,1489.93,609.24,285.45,201.03,0.90,3,1,1
136,-1,1488.65,620.36,285.39,198.64,0.90,3,1,1
137,-1,1485.75,626.32,284.10,201.07,0.89,3,1,1
138,-1,1484.41,631.91,284.76,200.88,0.89,3,1,1
139,-1,1481.17,636.73,285.44,201.89,0.88,3,1,1
140,-1,1480.74,641.13,283.00,201.94,0.88,3,1,1
141,-1,1480.73,641.15,283.00,201.93,0.88,3,1,1
142,-1,1481.74,646.05,280.42,201.75,0.87,3,1,1
143,-1,1486.55,650.47,287.65,199.88,0.88,3,1,1
144,-1,1487.40,655.14,285.58,198.96,0.90,3,1,1
145,-1,1489.00,658.15,283.56,200.55,0.89,3,1,1
146,-1,1493.82,660.73,285.55,199.93,0.90,3,1,1
147,-1,1493.78,660.69,285.60,200.00,0.90,3,1,1
148,-1,1498.44,666.32,285.65,200.75,0.89,3,1,1
149,-1,1508.52,672.59,284.43,198.07,0.88,3,1,1
150,-1,1513.85,677.10,283.44,201.16,0.88,3,1,1
151,-1,1513.83,677.10,283.32,201.15,0.88,3,1,1
152,-1,1520.87,679.54,283.28,201.11,0.87,3,1,1
153,-1,1520.89,679.50,283.34,201.04,0.87,3,1,1
154,-1,1522.71,683.10,281.41,201.81,0.87,3,1,1
155,-1,1525.91,688.03,282.68,205.61,0.85,3,1,1
156,-1,1530.85,693.40,283.04,200.20,0.85,3,1,1
157,-1,1532.31,695.74,286.58,197.05,0.86,3,1,1
158,-1,1536.07,700.52,283.52,200.90,0.88,3,1,1
159,-1,1536.05,700.53,283.47,200.91,0.88,3,1,1
160,-1,1537.61,704.26,284.67,199.20,0.88,3,1,1
161,-1,1540.28,709.55,281.99,196.92,0.88,3,1,1
162,-1,1540.11,714.09,280.04,201.09,0.88,3,1,1
163,-1,1540.59,723.54,283.18,199.64,0.88,3,1,1
164,-1,1539.00,728.99,279.43,200.39,0.87,3,1,1
165,-1,1538.99,728.97,279.45,200.44,0.87,3,1,1
166,-1,1537.04,734.16,279.18,200.83,0.87,3,1,1
167,-1,1536.88,741.86,280.57,198.59,0.88,3,1,1
168,-1,1535.27,749.15,277.49,201.82,0.89,3,1,1
169,-1,1533.53,757.75,274.73,198.56,0.90,3,1,1
170,-1,1528.73,764.32,275.47,202.04,0.90,3,1,1
171,-1,1528.73,764.25,275.48,201.92,0.90,3,1,1
172,-1,1527.48,771.38,274.77,202.11,0.89,3,1,1
173,-1,1524.13,777.19,275.12,206.25,0.89,3,1,1
174,-1,1518.78,785.24,270.42,204.24,0.87,3,1,1
175,-1,1508.62,799.53,274.59,202.41,0.89,3,1,1
176,-1,1500.70,807.06,274.15,203.66,0.89,3,1,1
177,-1,1500.78,807.06,274.00,203.62,0.89,3,1,1
178,-1,1496.37,812.83,269.05,201.89,0.90,3,1,1
179,-1,1487.38,819.95,269.61,206.23,0.89,3,1,1
180,-1,1479.42,824.19,267.45,206.89,0.90,3,1,1
181,-1,1479.43,824.21,267.48,206.95,0.90,3,1,1
182,-1,1470.34,829.78,263.12,207.22,0.89,3,1,1
183,-1,1470.36,829.79,263.19,207.24,0.89,3,1,1
184,-1,1464.18,834.74,269.28,206.41,0.89,3,1,1
185,-1,1455.42,840.81,272.90,206.92,0.88,3,1,1
186,-1,1448.86,843.04,271.93,208.02,0.89,3,1,1
187,-1,1435.59,848.28,267.66,206.89,0.90,3,1,1
188,-1,1424.91,851.62,261.57,205.79,0.90,3,1,1
189,-1,1424.89,851.61,261.54,205.83,0.90,3,1,1
190,-1,1415.16,855.87,265.25,204.96,0.90,3,1,1
191,-1,1407.22,854.26,268.12,203.20,0.89,3,1,1
192,-1,1395.84,856.44,264.30,207.00,0.91,3,1,1
193,-1,1386.96,857.00,263.11,208.16,0.89,3,1,1
194,-1,1376.17,859.04,262.35,208.05,0.87,3,1,1
195,-1,1376.15,859.05,262.35,207.95,0.87,3,1,1
196,-1,1364.70,860.00,262.13,206.73,0.84,3,1,1
197,-1,1357.05,856.88,263.02,207.36,0.83,3,1,1
198,-1,1349.22,857.71,264.97,206.60,0.87,3,1,1
199,-1,1342.58,855.20,266.53,205.00,0.84,3,1,1
200,-1,1337.80,852.60,265.82,203.70,0.74,3,1,1
201,-1,1337.79,852.60,265.83,203.68,0.74,3,1,1
202,-1,1329.76,849.48,265.37,205.78,0.68,3,1,1
203,-1,1322.58,846.47,266.62,205.92,0.79,3,1,1
204,-1,1314.64,842.83,262.14,203.96,0.83,3,1,1
205,-1,1310.24,840.14,262.52,210.37,0.83,3,1,1
206,-1,1304.73,834.99,258.36,210.29,0.86,3,1,1
207,-1,1304.52,834.71,258.86,210.50,0.86,3,1,1
208,-1,1300.49,831.70,256.36,206.95,0.87,3,1,1
209,-1,1295.30,829.91,259.75,206.78,0.87,3,1,1
210,-1,1289.83,825.23,260.36,211.03,0.89,3,1,1
211,-1,1282.91,820.38,259.18,207.55,0.89,3,1,1
212,-1,1281.95,818.72,265.07,207.74,0.89,3,1,1
213,-1,1281.90,818.73,264.94,207.74,0.89,3,1,1
214,-1,1278.06,817.63,257.08,206.30,0.90,3,1,1
215,-1,1275.80,815.14,255.07,207.09,0.88,3,1,1
216,-1,1274.67,809.56,257.00,209.07,0.89,3,1,1
217,-1,1271.75,806.17,259.45,207.16,0.89,3,1,1
218,-1,1269.50,803.34,264.21,206.11,0.88,3,1,1
219,-1,1269.60,803.29,264.25,206.06,0.87,3,1,1
220,-1,1265.25,798.83,265.05,207.06,0.87,3,1,1
221,-1,1259.47,796.37,266.63,206.18,0.88,3,1,1
222,-1,1256.48,794.15,261.63,209.46,0.87,3,1,1
223,-1,1255.52,792.21,261.66,211.70,0.85,3,1,1
224,-1,1250.86,789.59,254.87,212.97,0.79,3,1,1
225,-1,1250.85,789.52,254.89,212.84,0.79,3,1,1
226,-1,1249.18,787.55,260.65,213.68,0.81,3,1,1
227,-1,1246.21,786.12,261.35,212.56,0.80,3,1,1
228,-1,1246.49,784.42,261.10,216.47,0.73,3,1,1
229,-1,1240.42,783.39,263.87,214.53,0.71,3,1,1
230,-1,1234.54,784.25,257.05,213.38,0.83,3,1,1
231,-1,1234.54,784.27,257.05,213.41,0.83,3,1,1
232,-1,1229.82,785.81,257.80,212.82,0.86,3,1,1
233,-1,1225.30,782.93,255.20,212.32,0.87,3,1,1
234,-1,1221.65,786.96,259.81,217.44,0.87,3,1,1
235,-1,1216.06,785.07,259.52,217.50,0.88,3,1,1
236,-1,1204.59,786.79,258.39,220.85,0.86,3,1,1
237,-1,1204.58,786.80,258.40,220.75,0.86,3,1,1
238,-1,1197.80,791.60,255.23,215.15,0.83,3,1,1
239,-1,1197.77,791.58,255.23,215.06,0.83,3,1,1
240,-1,1192.53,795.66,257.72,216.32,0.83,3,1,1
241,-1,1183.77,800.42,256.43,218.19,0.88,3,1,1
242,-1,1182.25,804.76,253.97,214.32,0.84,3,1,1
243,-1,1182.21,804.73,253.86,214.31,0.84,3,1,1
244,-1,1176.23,810.56,250.37,216.39,0.76,3,1,1
245,-1,1168.51,815.71,255.47,218.19,0.85,3,1,1
246,-1,1161.83,819.06,253.38,216.60,0.60,3,1,1
247,-1,1156.68,823.55,256.28,215.91,0.84,3,1,1
248,-1,1150.61,826.28,256.93,216.39,0.87,3,1,1
249,-1,1150.69,826.27,257.15,216.40,0.86,3,1,1
250,-1,1141.71,834.45,248.84,220.59,0.87,3,1,1
251,-1,1134.72,840.71,250.84,218.38,0.88,3,1,1
252,-1,1129.40,848.02,253.27,216.44,0.88,3,1,1
253,-1,1122.82,853.02,250.07,213.62,0.89,3,1,1
254,-1,1111.49,861.23,253.99,217.52,0.89,3,1,1
255,-1,1111.51,861.20,253.97,217.51,0.89,3,1,1
256,-1,1110.36,866.45,252.57,211.89,0.90,3,1,1
257,-1,1101.82,873.06,258.36,220.82,0.90,3,1,1
258,-1,1089.99,878.17,248.62,216.51,0.89,3,1,1
259,-1,1085.07,885.98,253.99,218.08,0.88,3,1,1
260,-1,1078.37,892.56,257.75,218.20,0.88,3,1,1
261,-1,1078.37,892.54,257.78,218.27,0.88,3,1,1
262,-1,1066.46,898.07,251.47,215.61,0.89,3,1,1
263,-1,1061.37,901.22,256.33,214.06,0.88,3,1,1
264,-1,1053.13,909.05,257.32,212.64,0.90,3,1,1
265,-1,1043.14,915.21,247.18,209.31,0.89,3,1,1
266,-1,1039.70,920.29,252.60,215.28,0.89,3,1,1
267,-1,1039.70,920.26,252.59,215.32,0.89,3,1,1
268,-1,1032.44,923.49,252.97,206.20,0.88,3,1,1
269,-1,1021.00,932.01,251.62,209.86,0.88,3,1,1
270,-1,1016.51,936.60,254.48,212.54,0.88,3,1,1
271,-1,1010.03,938.74,255.87,216.55,0.87,3,1,1
272,-1,1001.62,942.51,255.39,211.54,0.81,3,1,1
273,-1,1001.63,942.48,255.43,211.56,0.81,3,1,1
274,-1,991.33,949.02,254.99,207.40,0.85,3,1,1
275,-1,988.65,950.19,258.80,209.83,0.81,3,1,1
276,-1,982.16,958.11,257.12,208.20,0.74,3,1,1
277,-1,978.92,962.41,257.03,219.97,0.77,3,1,1
278,-1,970.17,962.43,254.63,210.27,0.84,3,1,1
279,-1,970.19,962.46,254.67,210.32,0.84,3,1,1
280,-1,968.45,962.45,259.56,213.81,0.73,3,1,1
281,-1,964.24,966.00,258.80,217.91,0.86,3,1,1
282,-1,960.46,965.48,263.16,214.57,0.85,3,1,1
283,-1,952.51,968.76,254.04,217.81,0.84,3,1,1
284,-1,947.66,968.86,254.03,215.58,0.84,3,1,1
285,-1,947.69,968.85,253.92,215.58,0.84,3,1,1
286,-1,942.42,969.27,258.52,219.10,0.78,3,1,1
287,-1,941.39,968.78,256.24,219.08,0.75,3,1,1
288,-1,938.24,969.97,259.37,220.07,0.66,3,1,1
289,-1,934.22,969.27,262.07,220.33,0.77,3,1,1
290,-1,928.19,969.19,260.49,219.99,0.80,3,1,1
291,-1,928.20,969.19,260.54,220.02,0.80,3,1,1
292,-1,923.21,968.61,256.11,221.98,0.77,3,1,1
293,-1,920.32,966.95,259.03,222.40,0.75,3,1,1
294,-1,916.11,966.28,267.38,222.51,0.75,3,1,1
295,-1,913.51,966.57,264.57,223.39,0.63,3,1,1
296,-1,909.47,963.91,260.97,223.57,0.71,3,1,1
297,-1,909.47,963.91,260.94,223.57,0.71,3,1,1
298,-1,900.22,960.11,262.71,221.14,0.78,3,1,1
299,-1,894.02,957.52,259.47,219.35,0.68,3,1,1
300,-1,894.09,957.59,259.52,219.44,0.67,3,1,1
301,-1,892.50,951.78,262.16,210.50,0.70,3,1,1
302,-1,889.03,947.50,265.35,208.83,0.72,3,1,1
303,-1,889.04,947.51,265.25,208.86,0.72,3,1,1
304,-1,884.78,946.34,267.95,212.34,0.66,3,1,1
305,-1,878.94,942.12,261.61,212.33,0.73,3,1,1
306,-1,875.79,937.21,266.46,215.29,0.78,3,1,1
307,-1,868.57,933.12,263.07,214.99,0.82,3,1,1
308,-1,862.49,930.82,263.34,216.78,0.82,3,1,1
309,-1,862.46,930.79,263.73,216.93,0.82,3,1,1
310,-1,861.58,924.86,267.52,217.13,0.85,3,1,1
311,-1,857.06,921.60,265.03,216.37,0.87,3,1,1
312,-1,855.06,915.62,256.03,213.67,0.82,3,1,1
313,-1,847.18,910.79,257.22,215.59,0.85,3,1,1
314,-1,846.51,907.00,260.11,215.21,0.83,3,1,1
315,-1,846.53,907.04,260.15,215.23,0.83,3,1,1
316,-1,846.10,901.45,261.36,219.19,0.83,3,1,1
317,-1,844.34,896.44,261.33,216.26,0.84,3,1,1
318,-1,842.51,888.20,260.05,219.18,0.85,3,1,1
319,-1,840.07,882.92,260.86,220.24,0.81,3,1,1
320,-1,838.05,875.42,265.62,221.12,0.77,3,1,1
321,-1,838.07,875.43,265.55,221.13,0.77,3,1,1
322,-1,837.26,869.48,262.51,219.75,0.52,3,1,1
323,-1,833.24,863.96,266.26,218.06,0.48,3,1,1
324,-1,831.90,858.62,268.05,221.71,0.59,3,1,1
324,-1,832.12,860.10,269.41,223.70,0.46,0,1,1
325,-1,827.40,852.58,270.42,222.23,0.82,3,1,1
326,-1,823.27,846.38,270.01,225.45,0.77,3,1,1
327,-1,823.28,846.36,270.02,225.55,0.77,3,1,1
328,-1,819.83,839.03,270.53,225.73,0.60,3,1,1
329,-1,816.89,834.14,265.63,223.41,0.63,0,1,1
330,-1,813.56,828.21,270.47,225.48,0.58,3,1,1
331,-1,811.11,822.28,267.70,224.81,0.64,3,1,1
332,-1,808.03,817.94,276.19,228.31,0.67,0,1,1
332,-1,807.71,817.90,277.98,228.54,0.28,3,1,1
333,-1,808.03,817.94,276.16,228.32,0.67,0,1,1
333,-1,807.71,817.90,277.94,228.54,0.28,3,1,1
334,-1,801.57,813.06,269.44,223.92,0.62,3,1,1
335,-1,792.99,806.59,270.04,224.19,0.43,3,1,1
335,-1,793.52,807.10,269.25,225.27,0.27,0,1,1
336,-1,790.98,801.98,270.42,221.96,0.48,3,1,1
336,-1,790.91,801.62,271.75,221.89,0.38,0,1,1
337,-1,787.39,794.77,274.99,228.21,0.63,3,1,1
338,-1,783.11,790.75,274.06,227.14,0.63,3,1,1
339,-1,783.12,790.75,274.08,227.15,0.63,3,1,1
340,-1,774.94,785.81,267.73,227.57,0.52,3,1,1
340,-1,774.90,785.64,268.09,227.51,0.44,0,1,1
341,-1,769.49,780.39,272.84,229.15,0.65,3,1,1
342,-1,769.46,775.11,273.65,225.23,0.80,3,1,1
343,-1,764.22,770.74,268.03,227.32,0.81,3,1,1
344,-1,761.11,763.85,271.44,221.79,0.80,3,1,1
345,-1,761.09,763.86,271.40,221.75,0.80,3,1,1
346,-1,749.97,758.21,267.33,226.67,0.80,3,1,1
347,-1,745.39,753.40,269.91,226.70,0.79,3,1,1
348,-1,741.51,747.26,278.87,225.62,0.82,3,1,1
349,-1,734.50,740.89,277.30,224.63,0.81,3,1,1
350,-1,723.74,738.53,274.69,225.62,0.85,3,1,1
351,-1,723.77,738.52,274.72,225.54,0.85,3,1,1
352,-1,717.67,732.83,274.99,221.35,0.87,3,1,1
353,-1,709.42,730.67,274.72,224.81,0.87,3,1,1
354,-1,698.71,727.07,274.04,221.95,0.88,3,1,1
355,-1,692.09,724.38,276.58,224.90,0.85,3,1,1
356,-1,686.06,718.18,280.99,219.21,0.86,3,1,1
357,-1,686.03,718.17,281.08,219.21,0.86,3,1,1
358,-1,675.89,715.32,274.69,222.47,0.88,3,1,1
359,-1,670.05,712.79,272.82,224.50,0.86,3,1,1
360,-1,656.21,702.42,271.95,224.24,0.86,3,1,1
361,-1,656.21,702.36,271.98,224.29,0.86,3,1,1
362,-1,649.34,699.38,268.06,229.10,0.87,3,1,1
363,-1,649.33,699.39,268.04,229.11,0.87,3,1,1
364,-1,644.20,693.29,273.44,223.07,0.87,3,1,1
365,-1,638.59,688.32,274.17,223.70,0.85,3,1,1
366,-1,631.13,683.47,279.24,219.80,0.85,3,1,1
367,-1,622.84,684.98,273.02,224.98,0.86,3,1,1
368,-1,618.73,675.44,274.90,216.69,0.86,3,1,1
369,-1,618.76,675.56,274.98,216.90,0.86,3,1,1
370,-1,610.69,672.71,268.13,220.86,0.86,3,1,1
371,-1,608.14,668.93,269.07,219.75,0.84,3,1,1
372,-1,603.70,661.06,270.18,216.65,0.75,3,1,1
373,-1,601.03,657.80,270.33,216.02,0.80,3,1,1
374,-1,593.14,652.75,271.30,216.59,0.85,3,1,1
375,-1,593.16,652.80,271.38,216.67,0.85,3,1,1
376,-1,589.74,645.43,268.24,212.62,0.85,3,1,1
377,-1,584.54,642.71,263.62,209.80,0.81,3,1,1
378,-1,580.13,646.86,272.42,224.32,0.80,3,1,1
379,-1,575.31,636.32,270.11,212.69,0.83,3,1,1
380,-1,573.72,633.59,269.88,214.82,0.71,3,1,1
381,-1,573.72,633.48,269.96,214.75,0.72,3,1,1
382,-1,573.04,629.37,277.50,207.83,0.82,3,1,1
383,-1,562.04,624.45,260.38,200.06,0.77,3,1,1
384,-1,561.32,624.91,263.74,212.86,0.67,3,1,1
385,-1,556.67,627.32,261.21,205.46,0.37,3,1,1
386,-1,552.05,625.14,263.08,216.66,0.37,3,1,1
387,-1,551.99,625.16,263.16,216.46,0.38,3,1,1
388,-1,542.69,627.63,268.10,220.52,0.36,3,1,1
391,-1,521.56,625.96,276.34,222.14,0.31,3,1,1
392,-1,521.59,625.97,276.35,222.19,0.31,3,1,1
393,-1,521.59,625.98,276.35,222.21,0.31,3,1,1
394,-1,507.65,611.03,262.75,200.53,0.48,3,1,1
395,-1,507.66,611.03,262.80,200.52,0.47,3,1,1
396,-1,507.64,611.05,262.68,200.59,0.46,3,1,1
397,-1,507.64,610.91,262.63,200.27,0.46,3,1,1
401,-1,482.38,618.94,272.49,225.76,0.50,3,1,1
402,-1,469.23,602.23,264.35,195.06,0.41,3,1,1
403,-1,458.70,621.87,273.17,231.13,0.31,3,1,1
449,-1,815.28,506.81,266.82,217.40,0.31,3,1,1
450,-1,836.93,521.22,290.02,208.37,0.42,3,1,1
451,-1,844.31,523.15,263.04,186.01,0.58,3,1,1
452,-1,853.45,525.72,260.78,216.51,0.80,3,1,1
453,-1,853.42,525.75,260.73,216.93,0.80,3,1,1
454,-1,865.33,522.69,264.41,209.51,0.73,3,1,1
455,-1,880.63,537.21,273.10,195.09,0.78,3,1,1
456,-1,886.67,545.02,254.04,184.26,0.81,3,1,1
457,-1,898.94,551.86,271.10,183.54,0.81,3,1,1
458,-1,904.83,561.12,265.12,183.96,0.82,3,1,1
459,-1,904.85,561.11,265.01,183.91,0.81,3,1,1
460,-1,909.86,572.39,249.73,186.80,0.83,3,1,1
461,-1,920.54,586.31,255.63,201.14,0.85,3,1,1
462,-1,926.46,594.77,254.33,203.75,0.84,3,1,1
463,-1,929.96,611.90,252.84,214.54,0.87,3,1,1
464,-1,936.55,619.72,261.85,216.05,0.87,3,1,1
465,-1,936.56,619.71,261.77,216.02,0.87,3,1,1
466,-1,940.13,626.70,263.08,207.89,0.87,3,1,1
467,-1,942.92,636.80,260.04,206.39,0.86,3,1,1
468,-1,945.62,641.03,260.77,199.37,0.85,3,1,1
469,-1,949.48,655.54,263.80,202.87,0.87,3,1,1
470,-1,951.39,667.21,265.57,205.18,0.90,3,1,1
471,-1,951.39,667.20,265.61,205.15,0.90,3,1,1
472,-1,953.41,679.83,268.03,211.74,0.89,3,1,1
473,-1,956.83,689.54,264.10,211.36,0.87,3,1,1
474,-1,957.76,698.41,269.31,208.78,0.86,3,1,1
475,-1,959.39,709.86,267.12,206.30,0.88,3,1,1
476,-1,960.81,718.34,268.35,203.28,0.88,3,1,1
477,-1,960.78,718.40,268.37,203.20,0.88,3,1,1
478,-1,962.56,729.33,267.29,206.08,0.85,3,1,1
479,-1,962.76,743.31,267.78,220.35,0.78,3,1,1
480,-1,962.73,755.90,272.91,219.98,0.66,3,1,1
482,-1,970.88,779.61,278.24,226.84,0.34,3,1,1
483,-1,970.91,779.59,278.29,226.84,0.34,3,1,1
484,-1,969.35,791.99,280.87,227.25,0.68,3,1,1
485,-1,966.22,802.19,274.24,222.97,0.47,3,1,1
486,-1,967.42,812.07,273.46,223.14,0.66,3,1,1
487,-1,960.17,826.97,273.63,221.19,0.68,0,1,1
488,-1,955.27,837.83,272.17,229.54,0.43,0,1,1
488,-1,954.96,837.66,271.00,229.89,0.25,3,1,1
489,-1,955.33,837.83,272.27,229.50,0.43,0,1,1
489,-1,955.03,837.66,271.12,229.85,0.25,3,1,1
490,-1,947.55,854.40,266.79,230.14,0.67,0,1,1
491,-1,941.99,863.75,260.04,228.88,0.74,0,1,1
491,-1,941.45,862.79,260.41,227.48,0.34,3,1,1
492,-1,932.90,872.38,265.42,227.33,0.63,0,1,1
493,-1,920.05,883.95,270.07,229.56,0.46,3,1,1
493,-1,919.77,883.20,269.81,229.33,0.40,0,1,1
494,-1,909.16,893.85,268.39,226.67,0.44,3,1,1
495,-1,909.11,893.85,268.39,226.69,0.44,3,1,1
496,-1,893.75,906.55,264.30,227.42,0.41,3,1,1
496,-1,893.53,906.60,263.86,227.48,0.39,0,1,1
497,-1,877.25,919.11,267.10,226.59,0.47,3,1,1
498,-1,860.21,926.12,265.17,230.42,0.35,3,1,1
499,-1,843.61,936.45,263.77,227.05,0.32,3,1,1
500,-1,823.84,943.35,268.14,230.08,0.71,3,1,1
501,-1,823.82,943.31,268.11,230.15,0.71,3,1,1
502,-1,803.10,959.30,267.27,229.99,0.73,3,1,1
503,-1,780.51,963.35,262.74,227.26,0.85,3,1,1
504,-1,760.34,966.52,257.35,225.71,0.71,3,1,1
505,-1,739.34,971.15,256.15,217.71,0.86,3,1,1
506,-1,717.68,973.67,256.63,212.66,0.73,3,1,1
507,-1,717.68,973.66,256.63,212.67,0.73,3,1,1
508,-1,696.41,974.97,255.08,210.07,0.79,3,1,1
509,-1,678.42,976.11,254.43,207.79,0.77,3,1,1
510,-1,659.47,976.56,251.08,206.88,0.86,3,1,1
511,-1,645.55,978.50,249.96,203.00,0.85,3,1,1
512,-1,625.78,978.09,255.12,203.82,0.67,3,1,1
513,-1,625.77,978.09,255.17,203.83,0.67,3,1,1
514,-1,611.84,977.51,248.95,204.98,0.73,3,1,1
515,-1,599.60,977.61,250.29,204.79,0.43,3,1,1
515,-1,599.36,977.52,250.43,204.96,0.36,0,1,1
516,-1,586.95,975.98,248.96,208.05,0.54,0,1,1
517,-1,574.39,975.49,247.08,209.02,0.53,0,1,1
517,-1,574.58,975.68,246.41,208.63,0.29,3,1,1
518,-1,564.69,972.65,245.71,214.70,0.77,0,1,1
519,-1,564.70,972.66,245.69,214.68,0.77,0,1,1
520,-1,556.84,973.54,245.05,212.92,0.61,0,1,1
520,-1,556.04,973.45,244.66,213.09,0.61,3,1,1
521,-1,549.60,968.90,247.11,221.25,0.56,3,1,1
521,-1,550.11,969.23,247.59,221.53,0.56,0,1,1
522,-1,547.24,966.20,246.62,224.59,0.57,0,1,1
522,-1,546.72,965.52,246.44,224.27,0.33,3,1,1
523,-1,541.62,963.08,251.08,230.12,0.42,0,1,1
523,-1,541.23,962.11,250.59,228.99,0.41,3,1,1
524,-1,539.79,959.15,249.49,231.30,0.41,0,1,1
524,-1,540.04,958.92,249.10,230.21,0.27,3,1,1
525,-1,539.82,959.18,249.36,231.29,0.42,0,1,1
525,-1,540.07,958.95,248.99,230.20,0.27,3,1,1
526,-1,538.02,946.65,249.70,219.66,0.75,3,1,1
527,-1,539.07,939.86,246.59,225.10,0.48,3,1,1
528,-1,541.94,935.07,245.01,225.29,0.47,3,1,1
529,-1,544.63,927.79,243.90,221.40,0.52,3,1,1
530,-1,547.63,922.72,242.84,220.13,0.60,3,1,1
531,-1,547.64,922.71,242.88,220.10,0.60,3,1,1
532,-1,553.66,916.12,245.04,223.34,0.52,3,1,1
533,-1,561.70,911.48,242.39,222.13,0.78,3,1,1
534,-1,569.06,905.85,243.20,225.95,0.49,3,1,1
535,-1,582.61,897.52,245.02,226.29,0.67,3,1,1
536,-1,595.00,892.29,243.94,227.14,0.65,3,1,1
537,-1,594.96,892.26,244.05,227.13,0.65,3,1,1
538,-1,610.25,886.09,243.46,223.22,0.69,3,1,1
539,-1,625.15,882.43,241.62,223.95,0.57,3,1,1
540,-1,642.03,878.31,240.72,224.59,0.80,3,1,1
541,-1,657.27,876.77,241.49,224.10,0.77,3,1,1
542,-1,673.61,872.31,238.02,222.13,0.41,0,1,1
542,-1,673.80,872.07,237.51,223.41,0.30,3,1,1
543,-1,673.62,872.32,238.05,222.10,0.40,0,1,1
543,-1,673.82,872.08,237.54,223.38,0.30,3,1,1
544,-1,690.62,870.67,237.83,221.58,0.58,3,1,1
545,-1,704.73,869.27,240.33,222.40,0.60,3,1,1
546,-1,719.46,868.95,239.57,227.30,0.59,3,1,1
547,-1,735.47,867.39,237.44,226.27,0.81,3,1,1
548,-1,746.18,867.48,236.16,223.63,0.66,3,1,1
549,-1,746.19,867.47,236.15,223.67,0.66,3,1,1
550,-1,756.82,869.22,234.74,224.81,0.73,3,1,1
551,-1,767.90,872.15,237.32,226.36,0.53,3,1,1
552,-1,778.38,874.76,239.84,222.49,0.45,3,1,1
552,-1,777.75,875.35,239.26,222.72,0.31,0,1,1
553,-1,785.09,876.73,237.45,223.32,0.52,3,1,1
554,-1,792.31,880.09,236.72,227.54,0.68,3,1,1
555,-1,792.31,880.09,236.71,227.54,0.68,3,1,1
556,-1,794.21,883.85,238.49,225.13,0.70,3,1,1
557,-1,797.06,887.24,244.74,224.88,0.59,3,1,1
558,-1,794.06,891.50,238.93,228.20,0.70,3,1,1
559,-1,789.92,897.41,240.59,223.04,0.62,3,1,1
560,-1,782.09,904.06,242.62,224.50,0.43,3,1,1
561,-1,782.08,904.08,242.70,224.47,0.43,3,1,1
562,-1,772.25,910.21,241.84,224.92,0.40,3,1,1
563,-1,762.32,915.32,243.42,224.21,0.36,3,1,1
564,-1,751.77,918.74,240.84,219.88,0.47,3,1,1
565,-1,740.97,927.39,241.97,221.57,0.51,3,1,1
566,-1,728.67,932.08,242.25,225.93,0.48,3,1,1
567,-1,728.67,932.07,242.24,225.91,0.48,3,1,1
568,-1,714.93,942.92,241.06,227.24,0.64,3,1,1
569,-1,698.35,952.78,243.11,224.88,0.44,3,1,1
570,-1,681.28,959.55,241.36,228.46,0.41,0,1,1
570,-1,681.32,957.89,241.44,226.88,0.34,3,1,1
571,-1,666.03,963.00,239.55,227.17,0.65,3,1,1
571,-1,666.43,963.47,240.76,228.37,0.36,0,1,1
572,-1,651.83,966.18,237.97,221.46,0.33,3,1,1
573,-1,651.84,966.21,238.01,221.57,0.33,3,1,1
574,-1,634.63,969.57,238.66,216.15,0.58,3,1,1
575,-1,614.54,971.54,243.20,216.92,0.65,3,1,1
576,-1,598.99,974.69,238.34,210.62,0.58,3,1,1
577,-1,579.79,975.70,236.68,208.59,0.43,0,1,1
578,-1,561.04,977.70,239.98,204.59,0.63,3,1,1
579,-1,561.04,977.98,239.41,204.04,0.66,3,1,1
580,-1,543.50,978.27,242.53,203.47,0.76,3,1,1
581,-1,523.11,979.80,234.64,200.40,0.50,3,1,1
581,-1,523.25,980.15,235.57,199.70,0.34,0,1,1
582,-1,503.42,981.89,234.58,196.22,0.47,3,1,1
582,-1,503.69,981.90,234.62,196.19,0.43,0,1,1
583,-1,479.73,981.25,229.53,197.50,0.54,3,1,1
583,-1,480.12,981.38,229.75,197.24,0.29,0,1,1
584,-1,460.04,981.32,230.07,197.35,0.77,3,1,1
585,-1,460.04,981.33,230.04,197.35,0.77,3,1,1
586,-1,439.66,979.95,229.08,200.09,0.72,3,1,1
587,-1,420.53,978.40,230.83,203.19,0.83,3,1,1
588,-1,403.57,976.98,230.80,206.04,0.74,3,1,1
589,-1,383.00,975.30,228.56,209.40,0.81,3,1,1
590,-1,364.43,973.72,227.04,212.56,0.82,3,1,1
591,-1,364.42,973.72,227.01,212.57,0.82,3,1,1
592,-1,350.36,970.62,228.36,216.78,0.76,3,1,1
593,-1,336.29,969.72,227.90,219.28,0.62,3,1,1
594,-1,323.45,963.35,227.18,221.54,0.50,3,1,1
595,-1,317.01,958.66,225.22,219.87,0.41,0,1,1
595,-1,316.14,956.15,223.81,217.50,0.32,3,1,1
596,-1,307.61,946.62,221.15,212.76,0.62,3,1,1
597,-1,307.66,946.65,221.24,212.75,0.62,3,1,1
598,-1,301.83,936.54,220.22,218.40,0.73,3,1,1
599,-1,299.66,929.03,224.21,219.84,0.59,3,1,1
600,-1,301.75,919.96,223.75,216.49,0.79,3,1,1
601,-1,307.42,910.57,221.99,220.33,0.85,3,1,1
602,-1,309.47,897.57,225.12,219.51,0.81,3,1,1
603,-1,309.46,897.57,225.10,219.54,0.81,3,1,1
604,-1,318.50,885.90,222.80,219.24,0.86,3,1,1
605,-1,328.85,874.61,222.27,216.56,0.84,3,1,1
606,-1,339.64,864.26,223.66,219.81,0.78,3,1,1
607,-1,356.26,850.99,225.77,220.27,0.85,3,1,1
608,-1,371.87,838.63,224.65,218.35,0.74,3,1,1
609,-1,371.86,838.65,224.63,218.38,0.74,3,1,1
610,-1,395.09,825.67,224.00,217.60,0.83,3,1,1
611,-1,423.56,810.31,226.39,215.76,0.86,3,1,1
612,-1,455.60,796.57,224.09,220.70,0.87,3,1,1
613,-1,487.74,781.97,223.18,217.16,0.85,3,1,1
614,-1,524.50,768.55,223.41,217.61,0.80,3,1,1
615,-1,524.51,768.53,223.33,217.62,0.80,3,1,1
616,-1,559.86,753.79,228.70,213.68,0.87,3,1,1
617,-1,597.00,740.51,223.34,213.04,0.88,3,1,1
618,-1,638.52,728.08,225.80,213.40,0.90,3,1,1
619,-1,676.99,719.12,223.08,215.76,0.89,3,1,1
620,-1,718.20,706.87,226.64,217.18,0.88,3,1,1
621,-1,718.16,706.79,226.70,217.28,0.88,3,1,1
622,-1,761.77,696.06,223.95,214.54,0.88,3,1,1
623,-1,801.88,688.36,224.04,211.69,0.87,3,1,1
624,-1,842.08,678.46,225.93,211.82,0.89,3,1,1
625,-1,885.04,671.19,226.49,211.59,0.88,3,1,1
626,-1,928.99,665.68,229.15,209.58,0.83,3,1,1
627,-1,929.08,665.68,229.03,209.62,0.83,3,1,1
628,-1,970.93,659.31,228.01,210.28,0.87,3,1,1
629,-1,1008.02,653.74,222.29,212.28,0.88,3,1,1
630,-1,1050.08,650.08,228.07,213.39,0.88,3,1,1
631,-1,1089.72,647.99,228.21,213.78,0.87,3,1,1
632,-1,1127.56,643.46,222.70,208.53,0.82,3,1,1
633,-1,1127.57,643.42,222.69,208.40,0.82,3,1,1
634,-1,1165.57,642.99,225.27,208.11,0.85,3,1,1
635,-1,1201.53,644.10,221.14,215.61,0.84,3,1,1
636,-1,1238.35,645.58,221.50,210.27,0.84,3,1,1
637,-1,1274.76,644.81,209.00,212.11,0.39,3,1,1
638,-1,1298.76,648.98,221.15,215.49,0.71,3,1,1
639,-1,1298.72,648.87,221.23,215.47,0.70,3,1,1
640,-1,1330.37,654.08,222.26,209.79,0.84,3,1,1
641,-1,1360.87,657.61,220.88,210.95,0.86,3,1,1
642,-1,1390.10,660.06,221.45,217.98,0.70,3,1,1
643,-1,1413.90,664.95,220.18,212.49,0.88,3,1,1
644,-1,1425.97,671.45,249.25,213.29,0.60,3,1,1
645,-1,1424.98,671.43,251.31,213.34,0.60,3,1,1
646,-1,1464.59,677.44,219.17,215.34,0.76,3,1,1
647,-1,1457.63,685.23,280.87,212.30,0.55,3,1,1
648,-1,1508.01,692.00,214.43,213.29,0.81,3,1,1
649,-1,1533.74,701.91,206.80,216.03,0.77,3,1,1
650,-1,1555.58,709.21,208.74,217.24,0.80,3,1,1
651,-1,1555.64,709.24,208.85,217.22,0.80,3,1,1
652,-1,1572.01,717.23,202.85,218.41,0.84,3,1,1
653,-1,1588.27,724.98,207.63,218.54,0.71,3,1,1
653,-1,899.40,353.77,369.85,84.37,0.35,3,1,1
654,-1,1598.54,731.69,203.60,212.09,0.73,3,1,1
654,-1,910.17,352.09,355.23,84.41,0.51,3,1,1
655,-1,1608.80,736.29,202.73,209.74,0.79,3,1,1
655,-1,1563.48,735.73,105.42,198.12,0.39,3,1,1
656,-1,1616.58,739.45,202.45,206.57,0.84,3,1,1
657,-1,1616.59,739.48,202.44,206.61,0.84,3,1,1
658,-1,1624.65,751.56,199.64,222.75,0.84,3,1,1
659,-1,1629.20,757.53,209.21,216.52,0.74,3,1,1
660,-1,1634.78,763.85,205.23,218.26,0.83,3,1,1
661,-1,1638.01,768.57,204.26,215.76,0.84,3,1,1
662,-1,1640.40,760.50,205.49,193.89,0.76,3,1,1
663,-1,1640.39,760.51,205.50,193.90,0.76,3,1,1
664,-1,1640.03,762.53,200.69,194.26,0.79,3,1,1
665,-1,1639.03,759.40,202.80,180.08,0.80,3,1,1
666,-1,1638.88,762.99,204.64,185.22,0.83,3,1,1
667,-1,1635.67,760.56,202.81,178.96,0.83,3,1,1
668,-1,1635.17,762.48,201.61,177.72,0.83,3,1,1
668,-1,417.90,324.72,145.42,64.76,0.29,3,1,1
669,-1,1635.17,762.43,201.58,177.65,0.83,3,1,1
669,-1,417.86,324.73,145.47,64.78,0.30,3,1,1
670,-1,1631.79,762.40,202.59,182.13,0.84,3,1,1
670,-1,419.89,318.01,144.24,60.62,0.50,3,1,1
671,-1,1628.89,764.60,200.89,186.74,0.82,3,1,1
671,-1,419.32,309.27,144.13,59.57,0.41,3,1,1
672,-1,1628.28,773.73,199.27,207.01,0.81,3,1,1
672,-1,420.86,303.32,142.57,55.01,0.50,3,1,1
673,-1,1628.60,768.23,198.57,198.03,0.83,3,1,1
673,-1,419.45,295.90,142.34,54.86,0.46,3,1,1
674,-1,1627.94,744.64,199.44,154.78,0.83,3,1,1
674,-1,422.09,287.03,143.18,53.30,0.36,3,1,1
675,-1,1627.96,744.73,199.53,155.03,0.83,3,1,1
675,-1,422.00,286.95,143.42,53.59,0.36,3,1,1
676,-1,1628.98,746.97,203.82,169.30,0.84,3,1,1
677,-1,1628.64,746.46,201.01,176.83,0.84,3,1,1
678,-1,1628.65,740.97,196.12,166.13,0.85,3,1,1
679,-1,1630.84,736.74,193.07,164.20,0.86,3,1,1
680,-1,1633.14,736.96,185.95,171.85,0.83,3,1,1
681,-1,1633.14,736.88,185.94,171.74,0.83,3,1,1
682,-1,1632.23,732.32,188.53,174.85,0.86,3,1,1
683,-1,1632.36,723.20,190.07,169.78,0.80,3,1,1
683,-1,428.49,250.50,145.65,52.53,0.32,3,1,1
684,-1,1633.78,721.38,189.24,174.48,0.83,3,1,1
684,-1,426.97,248.83,147.56,54.45,0.37,3,1,1
685,-1,1634.03,721.75,190.73,182.18,0.82,3,1,1
685,-1,425.08,246.29,147.03,59.10,0.31,3,1,1
686,-1,1635.36,711.50,194.39,165.26,0.61,3,1,1
687,-1,1635.33,711.59,194.54,165.46,0.61,3,1,1
688,-1,1635.40,710.94,196.48,173.48,0.70,3,1,1
689,-1,1633.22,703.96,196.21,169.45,0.77,3,1,1
689,-1,417.57,245.71,148.44,60.52,0.36,3,1,1
690,-1,1632.10,700.62,198.71,180.17,0.39,3,1,1
691,-1,1627.92,699.54,199.11,178.13,0.60,3,1,1
692,-1,1629.57,698.23,198.17,188.78,0.60,3,1,1
693,-1,1629.57,698.20,198.13,188.59,0.61,3,1,1
694,-1,1626.24,691.57,200.03,178.74,0.66,3,1,1
695,-1,1625.00,687.44,193.82,161.83,0.75,3,1,1
696,-1,1622.56,688.10,207.97,184.00,0.62,3,1,1
700,-1,1611.95,678.84,197.06,171.33,0.54,3,1,1
701,-1,1607.46,675.94,200.54,170.70,0.78,3,1,1
702,-1,1604.93,671.11,199.23,163.81,0.55,3,1,1
704,-1,1594.67,661.31,197.56,146.15,0.70,3,1,1
705,-1,1594.65,661.32,197.41,146.14,0.70,3,1,1
706,-1,1593.69,658.04,201.67,143.30,0.66,3,1,1
707,-1,1588.36,665.93,202.77,162.04,0.29,3,1,1
708,-1,1583.03,668.99,203.70,169.86,0.25,3,1,1
718,-1,311.72,327.92,145.61,64.92,0.26,3,1,1
742,-1,1477.49,653.27,78.27,112.62,0.37,3,1,1
743,-1,1468.00,657.76,81.11,120.95,0.40,3,1,1
767,-1,582.49,890.90,1164.99,378.20,0.33,0,1,1
768,-1,577.89,892.67,1147.92,374.65,0.28,0,1,1
779,-1,536.58,904.10,1049.72,351.80,0.42,0,1,1
786,-1,930.81,911.62,204.10,336.76,0.39,0,1,1
787,-1,931.22,913.12,206.74,333.76,0.26,0,1,1
798,-1,949.31,902.16,200.70,215.49,0.39,3,1,1
799,-1,949.78,909.26,199.40,218.43,0.33,3,1,1
800,-1,948.00,908.68,203.78,224.05,0.64,3,1,1
801,-1,947.99,908.66,203.83,224.01,0.64,3,1,1
802,-1,948.61,917.73,202.47,223.24,0.64,3,1,1
803,-1,948.94,921.75,201.40,223.21,0.70,3,1,1
804,-1,948.73,923.22,200.14,220.07,0.69,3,1,1
805,-1,947.74,928.21,201.73,216.40,0.65,3,1,1
806,-1,946.74,931.93,200.28,215.41,0.68,3,1,1
807,-1,946.68,931.86,200.38,215.36,0.68,3,1,1
808,-1,945.14,935.55,204.81,221.93,0.58,3,1,1
808,-1,944.69,935.41,206.17,221.64,0.26,0,1,1
809,-1,944.51,941.80,198.57,216.23,0.50,3,1,1
810,-1,938.10,944.55,197.70,218.07,0.55,3,1,1
810,-1,937.29,945.38,200.31,219.42,0.40,0,1,1
811,-1,937.89,951.96,196.90,217.74,0.50,3,1,1
811,-1,937.40,951.79,201.16,218.45,0.29,0,1,1
812,-1,933.11,952.02,202.32,218.55,0.43,0,1,1
812,-1,933.66,951.80,199.41,218.46,0.36,3,1,1
813,-1,933.19,952.04,202.33,218.47,0.43,0,1,1
813,-1,933.75,951.83,199.42,218.39,0.36,3,1,1
814,-1,930.23,959.56,197.18,220.02,0.44,0,1,1
815,-1,930.18,963.99,203.42,222.92,0.59,0,1,1
816,-1,929.59,968.56,203.59,221.08,0.62,0,1,1
817,-1,931.13,970.80,200.80,218.40,0.52,3,1,1
817,-1,931.07,970.23,201.74,219.55,0.36,0,1,1
818,-1,929.46,972.91,202.81,214.19,0.57,0,1,1
819,-1,929.45,972.92,202.78,214.16,0.57,0,1,1
820,-1,926.98,974.31,203.26,211.39,0.54,0,1,1
820,-1,926.73,974.30,200.75,211.40,0.37,3,1,1
821,-1,922.43,975.35,197.76,209.30,0.39,3,1,1
821,-1,923.05,975.27,197.91,209.45,0.37,0,1,1
822,-1,921.25,977.08,195.67,205.83,0.41,3,1,1
823,-1,917.89,978.03,198.69,203.95,0.37,0,1,1
824,-1,911.80,979.18,197.89,201.65,0.46,0,1,1
825,-1,911.80,979.16,197.91,201.68,0.46,0,1,1
826,-1,906.45,977.49,201.01,205.01,0.40,0,1,1
827,-1,898.09,978.81,198.24,202.39,0.41,0,1,1
830,-1,873.39,981.23,190.20,197.54,0.29,0,1,1
831,-1,873.38,981.24,190.14,197.51,0.29,0,1,1
834,-1,843.44,979.26,189.29,201.49,0.28,3,1,1
836,-1,817.86,979.16,184.16,201.68,0.31,3,1,1
837,-1,817.85,979.21,184.13,201.58,0.30,3,1,1
838,-1,805.81,977.01,184.29,205.98,0.27,3,1,1
840,-1,776.30,971.91,178.01,216.17,0.34,3,1,1
844,-1,747.18,958.25,176.40,206.38,0.29,3,1,1
845,-1,743.16,957.53,156.41,194.51,0.42,3,1,1
847,-1,705.42,943.53,174.42,212.71,0.48,3,1,1
850,-1,675.29,928.18,180.18,215.71,0.30,3,1,1
854,-1,614.73,893.98,181.98,225.03,0.31,0,1,1
855,-1,614.69,893.98,181.99,225.05,0.31,0,1,1
856,-1,601.18,885.39,178.79,221.00,0.33,0,1,1
859,-1,569.51,871.33,182.73,229.94,0.39,0,1,1
860,-1,558.68,868.55,174.11,223.52,0.31,0,1,1
861,-1,558.68,868.56,174.16,223.51,0.30,0,1,1
865,-1,529.91,857.43,178.72,213.15,0.50,3,1,1
866,-1,529.49,856.02,166.94,212.44,0.41,3,1,1
867,-1,529.23,856.07,167.47,212.39,0.42,3,1,1
868,-1,518.90,855.27,169.10,209.47,0.60,3,1,1
869,-1,515.81,854.26,162.71,212.49,0.68,3,1,1
870,-1,524.54,856.51,135.81,211.10,0.46,3,1,1
871,-1,495.08,854.02,179.66,212.92,0.73,3,1,1
872,-1,495.05,854.03,179.70,212.94,0.72,3,1,1
873,-1,495.03,854.03,179.73,212.94,0.73,3,1,1
874,-1,487.05,855.26,179.57,218.83,0.79,3,1,1
875,-1,480.00,861.66,186.95,217.88,0.76,3,1,1
876,-1,472.72,863.41,181.96,218.55,0.74,3,1,1
877,-1,464.61,867.47,181.72,220.00,0.78,3,1,1
878,-1,456.30,872.44,181.79,219.41,0.84,3,1,1
879,-1,456.31,872.44,181.79,219.43,0.84,3,1,1
880,-1,446.12,875.18,182.60,217.56,0.82,3,1,1
881,-1,436.87,879.96,188.14,219.70,0.86,3,1,1
882,-1,426.09,884.19,185.63,219.22,0.80,3,1,1
883,-1,415.92,888.91,185.88,220.46,0.78,3,1,1
884,-1,403.25,894.09,183.51,218.07,0.80,3,1,1
885,-1,403.23,894.08,183.52,218.06,0.80,3,1,1
886,-1,390.95,900.46,186.10,213.61,0.83,3,1,1
887,-1,378.97,906.05,187.65,220.95,0.82,3,1,1
888,-1,364.33,913.44,185.05,219.50,0.79,3,1,1
889,-1,348.64,916.85,187.79,218.02,0.83,3,1,1
890,-1,318.12,924.07,184.38,213.90,0.82,3,1,1
891,-1,318.10,924.04,184.35,213.88,0.82,3,1,1
892,-1,300.40,926.64,187.67,213.52,0.85,3,1,1
893,-1,285.02,929.71,188.34,216.74,0.80,3,1,1
894,-1,264.53,933.13,195.26,213.75,0.77,3,1,1
895,-1,248.95,933.40,185.24,215.54,0.78,3,1,1
896,-1,232.79,934.95,187.61,214.60,0.82,3,1,1
897,-1,232.80,934.92,187.56,214.59,0.82,3,1,1
898,-1,213.71,940.83,184.04,211.43,0.81,3,1,1
899,-1,197.22,939.60,182.69,210.85,0.83,3,1,1
900,-1,167.40,941.49,207.17,207.96,0.72,3,1,1
901,-1,154.90,941.44,197.46,201.55,0.76,3,1,1
902,-1,134.87,939.59,206.99,207.17,0.80,3,1,1
903,-1,135.28,939.60,206.19,207.20,0.80,3,1,1
904,-1,127.78,934.08,184.21,202.49,0.79,3,1,1
905,-1,106.23,937.62,175.76,204.05,0.57,3,1,1
906,-1,90.64,939.29,172.88,207.58,0.74,3,1,1
907,-1,81.28,926.55,162.29,194.52,0.54,3,1,1
908,-1,77.24,921.28,154.18,192.96,0.65,3,1,1
909,-1,77.23,921.30,154.17,192.90,0.65,3,1,1
910,-1,76.01,914.80,151.53,191.80,0.75,3,1,1
912,-1,87.43,937.03,174.00,285.95,0.34,0,1,1
913,-1,105.65,891.05,176.18,220.85,0.43,3,1,1
914,-1,131.97,877.24,176.84,224.23,0.58,3,1,1
915,-1,131.93,877.34,176.86,224.05,0.58,3,1,1
916,-1,163.68,858.90,181.28,215.68,0.68,3,1,1
917,-1,199.32,843.92,184.61,219.24,0.80,3,1,1
918,-1,241.72,829.35,190.07,220.95,0.62,3,1,1
919,-1,299.86,816.39,161.15,219.51,0.65,3,1,1
929,-1,960.22,854.65,1919.56,450.71,0.46,0,1,1
930,-1,962.07,851.70,1915.85,456.60,0.31,0,1,1
934,-1,448.04,845.31,888.64,469.38,0.50,0,1,1
935,-1,462.54,843.77,922.00,472.46,0.42,0,1,1
938,-1,503.28,833.82,1002.49,492.36,0.32,0,1,1
939,-1,503.54,833.86,1002.78,492.28,0.31,0,1,1
962,-1,749.60,535.82,238.32,177.12,0.68,3,1,1
963,-1,749.65,535.80,238.34,177.03,0.68,3,1,1
964,-1,737.98,527.62,218.04,164.96,0.75,3,1,1
965,-1,706.89,516.26,229.58,151.12,0.55,3,1,1
966,-1,692.02,518.94,225.37,167.11,0.58,3,1,1
967,-1,666.08,502.31,221.63,142.31,0.53,3,1,1
968,-1,642.79,489.96,226.19,128.11,0.59,3,1,1
969,-1,642.75,489.98,226.34,128.12,0.59,3,1,1
970,-1,621.52,489.17,232.21,132.83,0.69,3,1,1
971,-1,601.77,480.95,223.44,119.79,0.35,3,1,1
1082,-1,52.26,984.05,103.88,191.89,0.58,3,1,1
1082,-1,51.39,984.16,102.61,191.69,0.32,0,1,1
1083,-1,52.24,984.06,103.84,191.89,0.58,3,1,1
1083,-1,51.37,984.16,102.57,191.68,0.32,0,1,1
1084,-1,71.56,981.48,142.37,197.05,0.80,3,1,1
1085,-1,88.28,976.38,176.17,207.24,0.55,0,1,1
1085,-1,88.29,975.74,176.57,208.52,0.29,3,1,1
1086,-1,112.49,969.85,194.72,220.29,0.66,3,1,1
1087,-1,140.08,965.72,237.60,228.57,0.75,3,1,1
1088,-1,193.34,961.93,201.65,236.14,0.76,3,1,1
1089,-1,193.28,961.96,201.92,236.09,0.76,3,1,1
1090,-1,224.03,956.74,201.39,232.63,0.72,3,1,1
1091,-1,254.89,949.58,202.34,223.57,0.83,3,1,1
1092,-1,282.87,948.55,196.05,221.67,0.82,3,1,1
1093,-1,304.28,948.77,196.81,217.91,0.83,3,1,1
1094,-1,328.38,950.02,197.21,221.30,0.80,3,1,1
1095,-1,328.43,950.01,197.53,221.35,0.80,3,1,1
1096,-1,347.80,950.39,195.75,222.33,0.81,3,1,1
1097,-1,367.71,951.69,193.81,218.12,0.79,3,1,1
1098,-1,386.86,957.91,191.47,226.74,0.81,3,1,1
1099,-1,406.21,962.42,188.57,228.80,0.79,3,1,1
1100,-1,427.09,965.03,186.62,229.94,0.74,3,1,1
1101,-1,427.07,965.07,186.67,229.86,0.74,3,1,1
1102,-1,444.54,967.24,193.11,225.52,0.73,3,1,1
1103,-1,463.53,966.89,190.44,226.22,0.65,3,1,1
1103,-1,464.24,966.57,190.36,226.86,0.29,0,1,1
1104,-1,480.92,968.16,192.44,223.69,0.51,0,1,1
1104,-1,480.85,968.75,191.65,222.50,0.31,3,1,1
1105,-1,496.38,971.49,190.80,217.02,0.57,0,1,1
1106,-1,510.04,972.96,190.75,214.09,0.73,0,1,1
1107,-1,509.98,972.98,190.68,214.05,0.74,0,1,1
1108,-1,522.76,975.29,193.38,209.42,0.80,0,1,1
1109,-1,532.63,977.98,192.70,204.04,0.75,0,1,1
1110,-1,544.49,978.70,194.49,202.59,0.77,0,1,1
1111,-1,553.43,980.98,199.02,198.05,0.82,0,1,1
1112,-1,553.40,980.99,199.00,198.02,0.82,0,1,1
1113,-1,553.39,980.99,199.00,198.02,0.82,0,1,1
1114,-1,560.25,983.41,194.24,193.19,0.73,0,1,1
1115,-1,563.70,985.79,195.76,188.43,0.77,0,1,1
1116,-1,566.32,987.46,194.33,185.08,0.75,0,1,1
1117,-1,569.81,990.29,196.58,179.42,0.72,0,1,1
1118,-1,561.83,996.48,225.86,167.03,0.74,0,1,1
1119,-1,562.34,996.48,224.84,167.04,0.74,0,1,1
1120,-1,557.33,999.61,228.34,160.79,0.61,0,1,1
1121,-1,564.97,1003.46,212.77,153.07,0.47,0,1,1
1122,-1,572.64,1003.82,194.32,152.36,0.40,0,1,1
1123,-1,568.41,1006.76,188.06,146.49,0.37,0,1,1
1124,-1,560.69,1008.80,199.29,142.39,0.61,0,1,1
1125,-1,560.56,1008.79,199.56,142.42,0.61,0,1,1
1126,-1,561.78,1010.82,187.03,138.36,0.68,3,1,1
1127,-1,556.08,1010.01,194.96,139.99,0.58,0,1,1
1128,-1,548.55,1012.97,194.20,134.06,0.51,0,1,1
1129,-1,545.23,1012.54,189.74,134.92,0.36,0,1,1
1129,-1,545.94,1012.32,187.47,135.35,0.30,3,1,1
1130,-1,533.70,1011.73,187.68,136.54,0.45,3,1,1
1131,-1,533.50,1011.71,188.07,136.58,0.45,3,1,1
1132,-1,526.99,1011.83,189.94,136.34,0.32,0,1,1
1133,-1,520.20,1009.42,184.07,141.16,0.58,3,1,1
1134,-1,504.69,1006.36,201.06,147.27,0.60,3,1,1
1135,-1,490.08,1002.36,205.47,155.27,0.79,3,1,1
1136,-1,470.78,1001.79,216.87,156.43,0.83,3,1,1
1137,-1,470.66,1001.78,217.04,156.45,0.83,3,1,1
1138,-1,458.95,999.74,224.07,160.52,0.84,3,1,1
1139,-1,447.80,996.92,221.41,166.15,0.57,3,1,1
1140,-1,434.32,993.03,219.46,173.93,0.81,3,1,1
1141,-1,417.36,991.31,225.82,177.39,0.80,3,1,1
1142,-1,417.67,991.33,225.22,177.33,0.80,3,1,1
1143,-1,417.67,991.34,225.22,177.33,0.80,3,1,1
1144,-1,405.47,985.99,216.40,188.02,0.79,3,1,1
1145,-1,406.13,983.05,184.50,193.90,0.69,3,1,1
1146,-1,391.63,979.91,181.91,200.19,0.64,3,1,1
1147,-1,379.03,977.04,182.24,205.93,0.58,3,1,1
1148,-1,364.48,974.93,184.30,210.15,0.71,3,1,1
1149,-1,364.42,974.90,184.48,210.19,0.71,3,1,1
1150,-1,348.08,971.97,181.02,216.07,0.53,3,1,1
1150,-1,348.82,971.43,182.39,217.14,0.37,0,1,1
1151,-1,335.73,968.61,184.43,222.55,0.62,3,1,1
1152,-1,321.13,965.95,187.18,226.93,0.51,3,1,1
1153,-1,301.19,963.95,202.54,227.55,0.65,3,1,1
1154,-1,288.92,959.89,201.01,224.19,0.79,3,1,1
1155,-1,288.82,959.91,201.18,224.18,0.79,3,1,1
1156,-1,288.25,952.73,186.24,214.67,0.82,3,1,1
1157,-1,278.80,948.24,181.95,211.40,0.84,3,1,1
1158,-1,270.81,950.84,184.40,215.96,0.82,3,1,1
1159,-1,249.25,948.02,201.00,212.91,0.81,3,1,1
1160,-1,247.45,950.38,194.11,214.08,0.80,3,1,1
1161,-1,247.65,950.43,193.68,213.99,0.80,3,1,1
1162,-1,240.11,955.60,196.92,219.59,0.66,3,1,1
1163,-1,228.82,961.66,194.41,227.87,0.72,3,1,1
1164,-1,224.36,968.24,179.94,223.52,0.81,3,1,1
1164,-1,1101.43,580.47,1633.20,994.71,0.45,3,1,1
1165,-1,217.22,972.15,188.36,215.70,0.78,3,1,1
1165,-1,1085.46,579.79,1668.08,1000.41,0.45,3,1,1
1166,-1,189.91,974.93,228.60,210.14,0.75,3,1,1
1166,-1,1074.87,578.45,1689.62,1003.10,0.29,3,1,1
1167,-1,189.94,974.96,228.54,210.07,0.74,3,1,1
1167,-1,1076.66,577.59,1686.04,1004.82,0.31,3,1,1
1168,-1,190.65,978.09,214.55,203.82,0.81,3,1,1
1168,-1,1056.24,595.29,1727.08,967.84,0.32,3,1,1
1169,-1,189.64,981.75,215.36,196.49,0.80,3,1,1
1170,-1,185.75,987.88,213.65,184.25,0.83,3,1,1
1170,-1,1029.61,580.27,1780.78,998.05,0.34,3,1,1
1171,-1,184.32,991.95,211.43,176.09,0.84,3,1,1
1172,-1,184.35,991.95,211.34,176.10,0.84,3,1,1
1173,-1,184.35,991.95,211.34,176.10,0.84,3,1,1
1174,-1,184.35,991.95,211.34,176.10,0.84,3,1,1
1175,-1,181.42,997.62,211.36,164.77,0.85,3,1,1
1176,-1,177.58,1003.28,201.88,153.43,0.79,3,1,1
1177,-1,173.61,1009.32,202.95,141.35,0.83,3,1,1
1178,-1,179.34,1016.53,182.44,126.94,0.78,3,1,1
1179,-1,179.48,1016.56,182.09,126.88,0.78,3,1,1
1180,-1,181.75,1021.62,162.31,116.76,0.72,3,1,1
1181,-1,179.33,1030.41,156.22,99.18,0.70,3,1,1
1181,-1,1021.86,595.86,1796.28,967.31,0.33,3,1,1
1182,-1,174.42,1034.26,151.47,91.49,0.62,3,1,1
1182,-1,1029.24,588.13,1778.70,983.74,0.25,3,1,1
1183,-1,166.01,1038.87,143.54,82.27,0.47,3,1,1
1184,-1,160.94,1044.11,147.93,71.78,0.36,3,1,1
1185,-1,160.97,1044.11,147.88,71.78,0.36,3,1,1
1186,-1,151.69,1051.92,141.22,56.17,0.49,3,1,1
1188,-1,985.07,596.89,1861.80,966.22,0.25,3,1,1
1207,-1,979.07,624.12,1879.21,911.75,0.32,3,1,1
1218,-1,977.27,611.65,1885.46,936.70,0.29,3,1,1
1223,-1,957.77,607.99,1915.54,944.03,0.46,3,1,1
1227,-1,957.18,603.15,1914.37,953.70,0.26,3,1,1
1228,-1,957.87,594.00,1915.75,971.99,0.74,3,1,1
1229,-1,958.06,587.66,1916.12,984.67,0.74,3,1,1
1230,-1,958.42,595.23,1916.84,969.54,0.64,3,1,1
1231,-1,958.30,586.43,1916.60,987.14,0.58,3,1,1
1232,-1,958.38,586.22,1916.75,987.56,0.57,3,1,1
1233,-1,958.37,586.01,1916.74,987.98,0.57,3,1,1
1234,-1,957.90,587.69,1915.80,982.60,0.54,3,1,1
1235,-1,957.92,587.77,1915.84,982.55,0.54,3,1,1
1236,-1,957.90,587.77,1915.79,982.54,0.54,3,1,1
1237,-1,957.99,586.84,1915.99,984.51,0.55,3,1,1
1238,-1,957.98,586.77,1915.96,984.63,0.56,3,1,1
1239,-1,957.98,586.82,1915.95,984.53,0.56,3,1,1
1240,-1,963.15,584.11,1912.45,991.78,0.62,3,1,1
1241,-1,961.92,576.69,1913.39,1006.63,0.38,3,1,1
1243,-1,959.54,583.72,1912.67,992.56,0.53,3,1,1
1244,-1,958.09,575.99,1914.94,1008.03,0.33,3,1,1
1245,-1,958.02,575.78,1914.98,1008.44,0.33,3,1,1
1259,-1,56.45,850.95,112.34,222.42,0.80,3,1,1
1260,-1,83.26,841.11,165.58,230.70,0.84,3,1,1
1261,-1,130.15,832.96,182.12,229.39,0.87,3,1,1
1262,-1,178.02,829.13,187.02,232.56,0.86,3,1,1
1263,-1,177.96,829.15,187.17,232.48,0.86,3,1,1
1264,-1,221.66,823.94,190.08,244.58,0.87,3,1,1
1265,-1,258.94,824.52,191.94,239.98,0.88,3,1,1
1266,-1,293.07,827.79,190.76,236.99,0.87,3,1,1
1267,-1,322.46,830.67,195.36,235.77,0.87,3,1,1
1268,-1,345.69,831.58,196.96,235.34,0.88,3,1,1
1269,-1,345.69,831.57,196.87,235.41,0.88,3,1,1
1270,-1,366.60,836.04,195.21,237.09,0.87,3,1,1
1271,-1,383.02,841.68,195.56,234.25,0.86,3,1,1
1272,-1,395.29,841.74,197.97,231.07,0.88,3,1,1
1273,-1,406.27,850.25,198.06,238.24,0.87,3,1,1
1274,-1,413.42,851.52,196.66,231.88,0.87,3,1,1
1275,-1,413.28,851.60,197.55,232.13,0.87,3,1,1
1276,-1,416.36,854.60,200.21,233.32,0.86,3,1,1
1277,-1,414.39,863.83,200.71,226.32,0.86,3,1,1
1278,-1,410.99,865.82,198.17,230.30,0.87,3,1,1
1279,-1,402.33,870.33,199.33,227.42,0.88,3,1,1
1280,-1,394.77,876.53,195.31,228.01,0.87,3,1,1
1281,-1,394.76,876.52,195.31,227.97,0.87,3,1,1
1282,-1,382.94,880.23,194.50,230.80,0.86,3,1,1
1283,-1,369.25,882.90,198.23,229.37,0.86,3,1,1
1284,-1,353.50,883.17,198.95,223.82,0.87,3,1,1
1285,-1,341.41,887.78,195.93,228.43,0.86,3,1,1
1286,-1,326.03,888.91,195.99,225.00,0.85,3,1,1
1287,-1,326.00,888.97,196.00,224.95,0.85,3,1,1
1288,-1,309.35,891.92,200.15,220.34,0.86,3,1,1
1289,-1,292.80,898.33,198.01,219.77,0.83,3,1,1
1290,-1,277.27,902.91,199.88,225.47,0.84,3,1,1
1291,-1,261.26,902.94,202.68,220.62,0.83,3,1,1
1292,-1,261.27,902.96,202.67,220.63,0.83,3,1,1
1293,-1,261.27,902.95,202.66,220.62,0.83,3,1,1
1294,-1,245.32,904.13,198.42,221.71,0.83,3,1,1
1295,-1,231.80,906.28,196.45,221.60,0.85,3,1,1
1296,-1,216.98,910.05,193.27,218.26,0.84,3,1,1
1297,-1,202.83,907.40,196.64,218.39,0.83,3,1,1
1298,-1,193.27,908.67,192.17,214.92,0.84,3,1,1
1299,-1,193.27,908.65,192.17,214.85,0.84,3,1,1
1300,-1,180.63,907.86,189.49,214.34,0.85,3,1,1
1301,-1,168.58,907.09,193.24,210.51,0.85,3,1,1
1302,-1,157.15,903.58,193.64,210.23,0.85,3,1,1
1303,-1,149.33,907.51,195.26,215.65,0.84,3,1,1
1304,-1,140.56,908.70,193.12,210.36,0.84,3,1,1
1305,-1,140.57,908.76,193.14,210.53,0.84,3,1,1
1306,-1,128.44,906.58,203.15,203.82,0.68,3,1,1
1307,-1,123.66,908.01,204.84,206.28,0.74,3,1,1
1308,-1,120.20,909.27,199.93,210.57,0.79,3,1,1
1309,-1,112.60,905.99,194.12,208.20,0.82,3,1,1
1310,-1,107.54,903.00,191.94,200.06,0.75,3,1,1
1311,-1,107.53,902.98,191.98,200.04,0.75,3,1,1
1312,-1,102.21,904.97,189.73,208.36,0.84,3,1,1
1313,-1,98.91,901.10,192.26,205.37,0.81,3,1,1
1314,-1,98.18,904.06,188.95,211.67,0.84,3,1,1
1315,-1,96.02,904.74,187.74,211.59,0.83,3,1,1
1316,-1,93.37,899.55,185.82,207.84,0.86,3,1,1
1317,-1,93.36,899.58,185.79,207.73,0.86,3,1,1
1318,-1,92.58,903.52,185.16,213.97,0.61,3,1,1
1318,-1,92.63,925.40,185.24,259.25,0.30,0,1,1
1319,-1,92.87,906.66,185.75,221.49,0.66,3,1,1
1320,-1,90.22,901.49,179.85,210.88,0.79,3,1,1
1321,-1,88.15,903.29,175.49,214.27,0.70,3,1,1
1322,-1,88.17,903.37,175.55,214.44,0.69,3,1,1
1323,-1,88.17,903.37,175.54,214.42,0.69,3,1,1
1324,-1,86.32,901.96,172.47,218.71,0.84,3,1,1
1325,-1,83.91,901.91,167.17,222.96,0.84,3,1,1
1326,-1,82.03,899.44,163.36,220.29,0.85,3,1,1
1327,-1,79.58,897.50,158.40,224.58,0.84,3,1,1
1328,-1,79.05,892.24,157.16,219.18,0.83,3,1,1
1329,-1,79.05,892.28,157.16,219.27,0.83,3,1,1
1330,-1,79.50,893.85,158.50,229.60,0.84,3,1,1
1331,-1,77.62,893.79,154.68,235.31,0.85,3,1,1
1332,-1,75.19,884.32,150.11,219.44,0.84,3,1,1
1333,-1,72.70,892.66,144.86,245.10,0.77,3,1,1
1334,-1,70.60,890.08,140.75,244.71,0.75,3,1,1
1335,-1,70.58,890.65,140.71,245.89,0.75,3,1,1
1336,-1,69.99,909.03,139.73,288.67,0.79,3,1,1
1337,-1,68.17,879.74,135.87,234.26,0.82,3,1,1
1338,-1,64.14,879.25,127.92,235.72,0.73,3,1,1
1339,-1,61.61,867.98,123.05,220.96,0.78,3,1,1
1340,-1,61.14,858.42,122.04,212.01,0.80,3,1,1
1341,-1,61.18,858.53,122.11,212.20,0.80,3,1,1
1342,-1,55.78,848.87,110.85,195.12,0.78,3,1,1
1343,-1,51.28,857.55,102.27,218.07,0.62,3,1,1
1344,-1,49.57,865.24,98.94,245.05,0.65,3,1,1
1345,-1,49.10,875.01,98.03,271.99,0.61,3,1,1
1346,-1,45.82,862.59,91.53,250.94,0.64,3,1,1
1347,-1,45.81,862.61,91.50,250.96,0.64,3,1,1
1348,-1,35.39,842.47,70.77,211.23,0.49,3,1,1
1349,-1,34.30,880.70,68.60,296.32,0.41,3,1,1
1421,-1,30.69,882.01,61.38,289.60,0.27,3,1,1
1426,-1,52.41,919.75,104.82,320.49,0.32,3,1,1
1427,-1,56.61,884.53,112.96,238.06,0.73,3,1,1
1428,-1,63.13,889.94,125.66,237.28,0.79,3,1,1
1429,-1,67.03,891.91,132.80,235.61,0.85,3,1,1
1430,-1,74.60,893.26,148.22,229.31,0.81,3,1,1
1431,-1,74.66,893.38,148.34,229.50,0.81,3,1,1
1432,-1,79.00,902.66,157.52,241.49,0.82,3,1,1
1433,-1,82.75,901.97,165.42,230.86,0.83,3,1,1
1434,-1,86.72,908.55,173.10,231.56,0.86,3,1,1
1435,-1,92.27,913.46,183.84,232.71,0.85,3,1,1
1436,-1,93.00,922.73,185.99,234.95,0.86,3,1,1
1437,-1,92.95,922.65,185.89,234.54,0.86,3,1,1
1438,-1,94.92,940.79,188.25,263.09,0.82,3,1,1
1439,-1,104.84,951.06,207.27,257.88,0.87,3,1,1
1440,-1,109.93,953.47,218.06,253.06,0.86,3,1,1
1441,-1,118.74,957.71,213.81,244.57,0.87,3,1,1
1442,-1,118.73,957.72,213.80,244.56,0.87,3,1,1
1443,-1,118.73,957.72,213.80,244.56,0.87,3,1,1
1444,-1,114.99,959.40,226.31,241.21,0.86,3,1,1
1445,-1,118.02,963.00,231.03,234.00,0.85,3,1,1
1446,-1,119.86,966.21,236.77,227.58,0.86,3,1,1
1447,-1,123.94,969.57,234.80,220.86,0.86,3,1,1
1448,-1,129.61,972.58,227.96,214.83,0.85,3,1,1
1449,-1,129.63,972.58,227.90,214.83,0.85,3,1,1
1450,-1,128.73,976.64,240.90,206.71,0.86,3,1,1
1451,-1,127.79,981.48,238.37,197.05,0.86,3,1,1
1452,-1,131.44,986.65,243.40,186.70,0.87,3,1,1
1453,-1,141.33,990.59,233.80,178.82,0.85,3,1,1
1454,-1,147.24,995.31,221.27,169.37,0.85,3,1,1
1455,-1,145.44,995.43,224.74,169.14,0.85,3,1,1
1456,-1,152.92,996.74,220.89,166.52,0.85,3,1,1
1457,-1,151.48,1001.14,230.33,157.71,0.80,3,1,1
1458,-1,152.53,1006.96,245.87,146.08,0.84,3,1,1
1459,-1,149.31,1013.56,276.79,132.87,0.83,3,1,1
1460,-1,155.38,1017.74,275.48,124.53,0.83,3,1,1
1461,-1,155.40,1017.77,275.44,124.46,0.83,3,1,1
1462,-1,199.70,1019.68,189.97,120.64,0.75,3,1,1
1463,-1,204.29,1022.21,188.30,115.58,0.78,3,1,1
1464,-1,206.49,1024.33,194.26,111.34,0.77,3,1,1
1465,-1,216.60,1025.06,186.20,109.88,0.77,3,1,1
1466,-1,220.15,1029.67,182.65,100.65,0.69,3,1,1
1467,-1,220.17,1029.60,182.68,100.80,0.69,3,1,1
1468,-1,225.83,1032.67,169.83,94.65,0.72,3,1,1
1469,-1,238.63,1034.61,175.08,90.77,0.74,3,1,1
1470,-1,245.73,1034.47,175.83,91.07,0.77,3,1,1
1471,-1,261.75,1035.49,176.12,89.01,0.77,3,1,1
1472,-1,261.72,1035.45,175.98,89.10,0.77,3,1,1
1473,-1,261.72,1035.50,175.98,89.01,0.77,3,1,1
1474,-1,271.42,1034.97,178.52,90.07,0.52,3,1,1
1474,-1,200.23,1035.45,328.64,89.10,0.38,3,1,1
1475,-1,288.92,1033.00,178.05,94.00,0.74,3,1,1
1476,-1,307.11,1031.13,182.08,97.73,0.76,3,1,1
1477,-1,333.20,1030.44,181.68,99.11,0.77,3,1,1
1478,-1,352.27,1025.68,190.12,108.63,0.64,3,1,1
1479,-1,352.13,1025.72,190.32,108.56,0.64,3,1,1
1480,-1,379.11,1023.74,195.10,112.53,0.64,3,1,1
1481,-1,404.40,1019.27,198.37,121.45,0.40,3,1,1
