20,-1,37.74,878.76,75.48,128.82,0.32,2,1,1
21,-1,36.78,886.24,73.10,92.07,0.41,2,1,1
22,-1,40.29,842.06,80.15,102.40,0.56,2,1,1
23,-1,41.69,828.71,83.37,112.44,0.53,2,1,1
24,-1,41.07,836.62,82.15,118.71,0.40,2,1,1
25,-1,38.79,850.40,77.59,120.74,0.28,2,1,1
26,-1,41.42,863.91,82.48,124.54,0.39,2,1,1
27,-1,38.81,870.46,77.62,121.93,0.46,2,1,1
28,-1,38.55,877.92,77.10,113.99,0.45,2,1,1
29,-1,37.54,883.38,75.07,104.66,0.30,2,1,1
30,-1,32.00,888.45,63.99,88.20,0.38,2,1,1
31,-1,27.36,892.60,54.53,90.53,0.42,2,1,1
33,-1,23.07,890.87,45.87,98.14,0.26,2,1,1
61,-1,952.37,381.81,149.46,105.82,0.37,3,1,1
97,-1,29.87,875.47,59.73,103.02,0.42,2,1,1
98,-1,32.06,877.68,64.12,111.34,0.48,2,1,1
99,-1,34.73,874.47,69.46,125.03,0.26,3,1,1
100,-1,36.99,888.32,73.70,103.66,0.28,2,1,1
101,-1,39.22,884.81,78.43,116.90,0.52,2,1,1
102,-1,41.45,893.25,82.90,119.54,0.27,2,1,1
104,-1,48.87,898.17,97.73,127.48,0.43,2,1,1
105,-1,52.59,898.25,105.18,139.11,0.42,2,1,1
106,-1,60.24,910.00,120.47,121.72,0.53,2,1,1
107,-1,65.10,917.10,130.09,109.76,0.37,2,1,1
124,-1,184.05,239.79,175.19,104.59,0.34,2,1,1
127,-1,230.03,236.85,179.46,108.81,0.41,2,1,1
129,-1,243.02,238.78,176.69,109.85,0.40,2,1,1
130,-1,248.99,243.41,179.26,115.91,0.50,2,1,1
131,-1,255.92,246.36,179.44,116.66,0.73,2,1,1
132,-1,265.28,248.63,177.32,118.61,0.72,2,1,1
133,-1,270.36,255.57,192.44,113.72,0.60,2,1,1
134,-1,284.06,257.55,180.72,119.35,0.76,2,1,1
135,-1,288.39,262.27,184.32,115.10,0.76,2,1,1
136,-1,308.22,265.48,184.26,111.57,0.72,2,1,1
137,-1,328.63,266.89,178.68,113.55,0.78,2,1,1
138,-1,346.84,268.62,187.17,114.64,0.75,2,1,1
139,-1,375.55,268.47,188.35,119.10,0.60,2,1,1
140,-1,405.66,268.14,186.72,113.57,0.79,2,1,1
141,-1,434.42,268.24,184.08,114.31,0.75,2,1,1
142,-1,461.07,269.58,188.56,113.75,0.65,2,1,1
143,-1,485.01,267.87,190.08,115.76,0.81,2,1,1
144,-1,502.53,266.16,193.29,115.74,0.79,2,1,1
145,-1,502.75,266.10,193.54,115.10,0.78,2,1,1
146,-1,517.03,266.86,196.36,114.11,0.72,2,1,1
147,-1,525.98,267.42,194.49,115.10,0.77,2,1,1
148,-1,532.28,267.36,195.82,116.67,0.75,2,1,1
149,-1,536.50,267.62,197.27,120.54,0.82,2,1,1
150,-1,537.80,269.88,200.93,118.53,0.86,2,1,1
151,-1,539.24,270.11,202.82,121.33,0.86,2,1,1
152,-1,538.04,270.60,204.49,122.76,0.86,2,1,1
153,-1,538.19,272.25,205.42,128.02,0.86,2,1,1
154,-1,535.87,274.91,207.80,129.17,0.86,2,1,1
155,-1,531.26,278.22,211.95,127.69,0.86,2,1,1
156,-1,525.92,281.31,209.02,129.66,0.84,2,1,1
157,-1,518.94,285.64,206.79,128.43,0.85,2,1,1
158,-1,512.46,290.57,210.64,130.09,0.86,2,1,1
159,-1,502.55,294.53,206.26,132.03,0.85,2,1,1
160,-1,492.71,296.67,207.35,133.13,0.85,2,1,1
161,-1,484.37,301.20,209.33,131.77,0.84,2,1,1
162,-1,476.08,304.71,209.39,134.56,0.83,2,1,1
163,-1,466.47,313.37,208.73,136.08,0.88,2,1,1
163,-1,1656.77,777.97,98.03,193.23,0.32,3,1,1
164,-1,466.94,316.71,207.19,134.64,0.87,2,1,1
165,-1,469.35,320.77,203.98,133.91,0.84,2,1,1
166,-1,474.32,322.42,203.25,131.94,0.81,2,1,1
167,-1,476.32,324.74,207.36,136.40,0.86,2,1,1
168,-1,476.30,330.80,209.21,137.05,0.87,2,1,1
169,-1,476.39,333.83,210.60,140.21,0.87,2,1,1
170,-1,472.29,337.11,215.52,142.83,0.88,2,1,1
171,-1,462.71,340.29,217.79,141.91,0.88,2,1,1
172,-1,452.41,344.46,219.23,142.92,0.88,2,1,1
173,-1,440.52,348.57,214.52,142.42,0.88,2,1,1
174,-1,431.04,350.31,217.81,140.94,0.88,2,1,1
174,-1,1687.52,581.07,205.75,90.79,0.25,2,1,1
175,-1,421.90,353.26,216.69,144.08,0.88,2,1,1
176,-1,411.17,355.25,219.08,141.64,0.89,2,1,1
177,-1,398.32,357.65,217.73,144.40,0.89,2,1,1
177,-1,1674.65,580.75,216.80,89.12,0.32,2,1,1
178,-1,384.21,358.58,218.22,145.65,0.87,2,1,1
179,-1,370.49,359.36,220.93,149.23,0.90,2,1,1
179,-1,1664.44,576.83,212.17,87.04,0.42,2,1,1
180,-1,356.58,360.29,220.92,150.69,0.90,2,1,1
180,-1,1658.75,573.18,214.75,87.18,0.36,2,1,1
181,-1,343.97,363.00,220.49,148.10,0.89,2,1,1
181,-1,1656.76,571.85,216.78,91.78,0.29,2,1,1
182,-1,328.18,364.72,224.13,152.85,0.90,2,1,1
182,-1,1645.64,568.98,218.01,92.83,0.41,2,1,1
183,-1,312.49,366.49,224.05,154.46,0.89,2,1,1
183,-1,1639.67,566.79,224.53,90.87,0.36,2,1,1
184,-1,295.16,369.52,223.35,156.35,0.89,2,1,1
185,-1,280.48,370.72,222.54,158.37,0.90,2,1,1
186,-1,267.71,372.56,226.22,158.32,0.90,2,1,1
187,-1,260.04,372.86,225.84,160.64,0.90,2,1,1
187,-1,1617.29,558.47,229.75,93.22,0.31,2,1,1
188,-1,249.31,374.38,227.40,160.70,0.90,2,1,1
188,-1,1615.68,556.40,226.35,90.66,0.39,2,1,1
189,-1,245.66,373.32,228.31,162.12,0.90,2,1,1
189,-1,1617.17,555.70,227.26,92.18,0.43,2,1,1
190,-1,244.10,373.18,232.25,163.48,0.90,2,1,1
191,-1,241.16,372.14,233.92,164.92,0.90,2,1,1
192,-1,239.27,367.60,237.78,162.39,0.91,2,1,1
193,-1,236.69,352.04,237.81,166.39,0.91,2,1,1
193,-1,1648.12,518.04,213.60,87.12,0.69,2,1,1
194,-1,235.71,335.08,235.31,168.46,0.89,2,1,1
195,-1,233.70,320.35,238.87,172.62,0.91,2,1,1
196,-1,227.27,315.76,243.55,177.43,0.91,2,1,1
197,-1,221.14,314.87,244.54,178.88,0.91,2,1,1
197,-1,1665.02,430.95,227.92,96.97,0.44,2,1,1
198,-1,210.83,316.68,238.84,182.78,0.90,2,1,1
199,-1,209.45,316.98,241.51,186.33,0.91,2,1,1
200,-1,206.20,316.78,236.99,187.08,0.91,2,1,1
201,-1,205.54,316.75,237.70,190.12,0.91,2,1,1
202,-1,205.37,316.79,237.62,190.42,0.91,2,1,1
202,-1,1799.95,836.13,240.10,487.73,0.59,3,1,1
203,-1,205.16,317.47,239.13,192.31,0.91,2,1,1
204,-1,205.27,319.26,239.79,196.90,0.91,2,1,1
204,-1,1802.06,837.11,235.87,485.79,0.44,3,1,1
205,-1,206.58,319.82,239.69,197.45,0.91,2,1,1
206,-1,209.24,320.95,240.88,195.84,0.91,2,1,1
206,-1,1806.31,838.51,227.37,482.98,0.42,3,1,1
207,-1,214.13,322.23,242.38,195.22,0.90,2,1,1
207,-1,1806.16,840.48,227.69,479.03,0.51,3,1,1
208,-1,219.42,323.88,240.85,194.70,0.90,2,1,1
209,-1,220.46,324.58,241.83,192.13,0.90,2,1,1
210,-1,220.94,325.79,241.92,194.06,0.90,2,1,1
211,-1,221.23,327.71,241.23,193.59,0.91,2,1,1
211,-1,1701.85,413.58,234.04,106.07,0.28,2,1,1
212,-1,221.20,328.32,241.33,193.82,0.91,2,1,1
212,-1,1701.30,416.83,234.07,102.14,0.61,2,1,1
213,-1,220.35,330.39,240.46,190.42,0.91,2,1,1
213,-1,1700.46,418.17,234.87,102.95,0.64,2,1,1
214,-1,219.00,330.80,242.65,190.46,0.91,2,1,1
214,-1,1699.57,420.39,234.72,98.86,0.66,2,1,1
215,-1,216.71,332.35,240.38,189.25,0.91,2,1,1
215,-1,1697.51,420.87,234.48,98.74,0.63,2,1,1
216,-1,211.84,332.93,243.34,189.48,0.91,2,1,1
216,-1,1693.75,422.09,237.54,97.58,0.27,2,1,1
217,-1,209.07,335.43,243.94,188.00,0.90,2,1,1
218,-1,205.72,336.58,242.91,189.30,0.90,2,1,1
219,-1,201.79,337.49,241.91,189.79,0.90,2,1,1
220,-1,196.59,339.95,241.01,189.45,0.90,2,1,1
220,-1,1796.87,851.55,246.27,456.90,0.47,3,1,1
221,-1,191.84,341.76,238.07,189.17,0.89,2,1,1
222,-1,192.09,341.88,238.70,188.90,0.89,2,1,1
223,-1,187.41,342.65,237.57,190.93,0.89,2,1,1
223,-1,1668.55,420.58,238.69,84.98,0.43,2,1,1
224,-1,180.36,346.44,241.84,191.62,0.89,2,1,1
225,-1,176.01,349.74,241.15,194.79,0.90,2,1,1
225,-1,1656.92,416.60,241.81,86.19,0.46,2,1,1
226,-1,170.95,352.02,237.93,191.87,0.90,2,1,1
226,-1,1652.67,414.23,232.07,84.37,0.52,2,1,1
227,-1,160.01,359.03,236.73,195.80,0.90,2,1,1
228,-1,154.12,362.08,233.63,198.47,0.90,2,1,1
229,-1,151.02,365.41,233.80,197.15,0.91,2,1,1
230,-1,149.45,367.69,233.22,196.99,0.90,2,1,1
230,-1,1773.54,846.61,292.92,466.78,0.38,3,1,1
230,-1,1627.92,403.02,242.29,81.90,0.35,2,1,1
231,-1,149.22,368.45,234.43,198.78,0.91,2,1,1
231,-1,1772.50,849.33,294.99,460.78,0.35,3,1,1
232,-1,148.50,369.95,232.76,195.91,0.91,2,1,1
232,-1,1771.84,849.92,296.32,460.17,0.47,3,1,1
232,-1,1627.57,402.68,241.28,82.93,0.31,2,1,1
233,-1,148.14,370.34,232.38,196.62,0.91,2,1,1
233,-1,1773.11,852.10,293.79,455.80,0.42,3,1,1
233,-1,1626.24,402.44,240.59,81.54,0.38,2,1,1
234,-1,148.32,370.39,232.49,196.11,0.91,2,1,1
234,-1,1625.68,402.56,242.20,80.86,0.46,2,1,1
235,-1,147.96,370.50,231.65,195.75,0.91,2,1,1
235,-1,1626.07,402.33,240.53,80.79,0.45,2,1,1
236,-1,148.44,370.94,231.48,196.02,0.91,2,1,1
236,-1,1626.33,402.64,242.37,81.89,0.56,2,1,1
236,-1,1771.82,852.11,296.35,455.78,0.40,3,1,1
237,-1,149.61,370.64,228.95,196.70,0.91,2,1,1
237,-1,1627.96,402.63,239.35,82.79,0.49,2,1,1
238,-1,152.92,372.64,224.57,195.01,0.91,2,1,1
238,-1,1628.13,403.27,241.89,83.07,0.59,2,1,1
238,-1,1776.43,855.17,287.13,449.45,0.29,3,1,1
239,-1,160.95,373.55,233.19,194.36,0.90,2,1,1
239,-1,1634.18,406.08,244.11,87.45,0.53,2,1,1
239,-1,1782.00,851.42,275.99,457.16,0.36,3,1,1
240,-1,165.59,374.31,228.20,193.83,0.90,2,1,1
240,-1,1636.65,407.48,244.19,86.72,0.35,2,1,1
241,-1,170.91,375.15,231.52,192.24,0.89,2,1,1
242,-1,172.90,376.22,235.43,190.99,0.89,2,1,1
243,-1,173.08,376.98,236.20,191.54,0.90,2,1,1
244,-1,170.28,378.61,235.81,190.90,0.90,2,1,1
244,-1,1778.00,851.07,284.00,457.86,0.32,3,1,1
245,-1,157.99,382.00,236.47,192.17,0.90,2,1,1
246,-1,145.91,384.50,228.30,190.45,0.90,2,1,1
246,-1,1623.61,408.64,253.26,80.95,0.39,2,1,1
247,-1,137.34,386.37,232.30,192.13,0.90,2,1,1
247,-1,1611.47,408.46,250.00,79.58,0.50,2,1,1
248,-1,127.34,391.39,232.19,195.41,0.90,2,1,1
248,-1,1601.62,406.76,253.68,80.39,0.42,2,1,1
249,-1,118.23,393.14,228.11,194.46,0.90,2,1,1
249,-1,1590.50,405.21,255.00,79.43,0.32,2,1,1
250,-1,112.55,396.52,224.85,195.78,0.89,2,1,1
251,-1,108.94,400.71,217.34,196.51,0.85,2,1,1
252,-1,105.63,404.14,210.40,201.91,0.80,2,1,1
253,-1,101.63,413.72,202.45,211.66,0.70,2,1,1
253,-1,1554.52,398.67,256.11,76.01,0.28,2,1,1
254,-1,98.64,417.34,196.54,219.75,0.69,2,1,1
255,-1,95.19,425.01,189.93,229.92,0.59,2,1,1
255,-1,1542.41,395.57,261.20,74.33,0.42,2,1,1
256,-1,91.89,431.06,183.54,241.61,0.38,2,1,1
257,-1,89.86,428.44,179.73,234.44,0.38,2,1,1
258,-1,89.81,447.34,179.62,268.65,0.27,2,1,1
259,-1,1524.05,390.50,256.62,77.73,0.34,2,1,1
260,-1,84.86,424.45,169.73,225.34,0.36,2,1,1
260,-1,1519.44,389.91,255.71,78.41,0.35,2,1,1
261,-1,81.85,423.79,163.67,219.36,0.40,2,1,1
262,-1,1509.36,390.43,262.54,80.94,0.46,2,1,1
262,-1,79.43,412.41,158.75,199.61,0.36,2,1,1
263,-1,75.48,406.52,150.96,186.41,0.49,2,1,1
263,-1,1501.29,391.32,258.30,80.02,0.32,2,1,1
264,-1,1494.37,398.51,253.79,82.13,0.70,2,1,1
264,-1,73.30,395.86,146.29,165.10,0.55,2,1,1
265,-1,1486.51,405.32,254.49,82.78,0.67,2,1,1
265,-1,72.42,391.66,144.43,155.77,0.54,2,1,1
266,-1,1480.03,417.16,249.88,84.19,0.71,2,1,1
266,-1,67.11,386.57,134.11,153.24,0.57,2,1,1
267,-1,1474.30,422.47,251.40,79.86,0.78,2,1,1
267,-1,64.22,385.80,128.39,154.61,0.54,2,1,1
268,-1,1464.93,433.63,248.77,82.67,0.77,2,1,1
268,-1,61.63,368.46,123.25,116.48,0.53,2,1,1
269,-1,1456.03,441.65,242.98,86.78,0.46,2,1,1
269,-1,59.50,370.57,118.99,128.20,0.45,2,1,1
270,-1,1452.81,452.52,241.73,91.96,0.81,2,1,1
270,-1,59.20,368.86,118.04,126.27,0.47,2,1,1
271,-1,1452.19,464.96,237.49,94.02,0.50,2,1,1
271,-1,1472.75,587.50,89.76,164.23,0.46,3,1,1
271,-1,56.35,371.10,112.03,134.69,0.43,2,1,1
272,-1,1448.91,473.89,238.35,93.26,0.81,2,1,1
272,-1,1470.69,601.57,76.12,178.53,0.54,3,1,1
272,-1,56.44,369.81,112.27,140.50,0.47,2,1,1
273,-1,1447.33,485.22,239.35,92.99,0.79,2,1,1
273,-1,1465.66,606.02,79.56,169.33,0.58,3,1,1
273,-1,56.34,369.47,112.11,146.25,0.49,2,1,1
274,-1,1447.89,496.78,239.86,89.75,0.82,2,1,1
274,-1,1475.41,619.59,75.33,176.12,0.71,3,1,1
274,-1,56.76,368.83,113.11,156.24,0.45,2,1,1
275,-1,1446.75,510.66,237.94,87.39,0.84,2,1,1
275,-1,1477.21,632.00,78.71,174.58,0.66,3,1,1
275,-1,58.43,366.87,116.47,151.12,0.42,2,1,1
276,-1,1449.62,519.71,233.65,90.90,0.83,2,1,1
276,-1,60.94,350.74,121.88,131.53,0.40,2,1,1
276,-1,1479.38,637.91,84.65,186.33,0.28,3,1,1
277,-1,1452.71,533.57,232.86,88.96,0.84,2,1,1
277,-1,67.13,349.75,134.09,132.49,0.28,2,1,1
278,-1,1458.34,544.80,232.58,86.99,0.82,2,1,1
278,-1,70.97,351.50,141.39,135.81,0.55,2,1,1
278,-1,1485.46,665.90,72.86,185.04,0.27,3,1,1
279,-1,1464.74,557.24,231.44,88.32,0.85,2,1,1
279,-1,76.00,348.90,151.21,132.15,0.59,2,1,1
279,-1,1496.04,681.80,89.00,193.53,0.35,3,1,1
280,-1,1467.11,565.14,228.75,94.27,0.81,2,1,1
280,-1,77.80,348.61,155.41,136.59,0.44,2,1,1
280,-1,1493.75,689.92,76.00,185.07,0.34,3,1,1
281,-1,1470.87,570.47,228.52,93.12,0.86,2,1,1
281,-1,79.26,357.05,158.53,155.48,0.47,2,1,1
281,-1,1492.59,694.84,81.19,191.70,0.25,3,1,1
282,-1,1468.60,575.29,229.70,90.33,0.81,2,1,1
282,-1,78.31,360.97,155.96,139.34,0.50,2,1,1
283,-1,1465.67,580.12,232.87,88.86,0.81,2,1,1
283,-1,80.22,360.31,160.21,149.39,0.71,2,1,1
284,-1,1460.50,583.83,234.98,89.54,0.80,2,1,1
284,-1,79.38,365.42,158.76,146.21,0.74,2,1,1
284,-1,1097.55,739.36,61.59,175.13,0.30,3,1,1
285,-1,1454.88,589.53,233.24,91.80,0.72,2,1,1
285,-1,78.70,377.34,157.40,161.87,0.67,2,1,1
286,-1,1452.94,592.65,236.96,93.00,0.77,2,1,1
286,-1,78.94,380.33,157.87,153.66,0.73,2,1,1
287,-1,77.41,391.41,154.82,154.58,0.72,2,1,1
287,-1,1445.98,595.37,238.04,93.00,0.62,2,1,1
288,-1,77.16,399.20,154.31,151.66,0.73,2,1,1
288,-1,1441.78,598.41,234.01,91.54,0.57,2,1,1
289,-1,76.77,406.93,153.44,144.15,0.75,2,1,1
289,-1,1437.68,599.91,230.94,93.11,0.59,2,1,1
290,-1,76.09,414.06,152.19,146.34,0.74,2,1,1
290,-1,1431.57,601.17,232.50,90.12,0.68,2,1,1
291,-1,75.93,426.46,151.69,149.20,0.76,2,1,1
291,-1,1428.33,604.16,228.50,91.43,0.62,2,1,1
292,-1,76.65,435.03,153.31,148.44,0.80,2,1,1
292,-1,1426.95,603.58,229.11,95.76,0.49,2,1,1
293,-1,77.93,447.97,155.86,154.17,0.77,2,1,1
293,-1,1424.73,603.40,236.27,92.06,0.44,2,1,1
294,-1,77.75,455.99,154.99,150.84,0.75,2,1,1
294,-1,1423.60,605.07,236.26,92.61,0.41,2,1,1
295,-1,79.17,467.96,158.33,158.39,0.73,2,1,1
295,-1,1420.83,606.49,235.69,90.06,0.54,2,1,1
296,-1,79.83,480.66,159.66,162.48,0.61,2,1,1
296,-1,1421.01,606.74,238.38,91.55,0.54,2,1,1
297,-1,1419.04,606.86,234.88,90.63,0.58,2,1,1
297,-1,80.20,490.92,160.40,163.87,0.44,2,1,1
298,-1,1416.30,607.30,238.43,90.24,0.55,2,1,1
298,-1,81.92,502.83,163.67,173.30,0.37,2,1,1
299,-1,82.61,515.91,164.83,181.84,0.40,2,1,1
299,-1,1415.20,607.08,235.75,88.44,0.37,2,1,1
300,-1,82.60,517.09,164.93,184.17,0.48,2,1,1
300,-1,1414.78,607.15,236.67,88.41,0.41,2,1,1
301,-1,84.34,527.74,168.69,186.89,0.65,2,1,1
302,-1,87.85,532.12,175.70,184.46,0.69,2,1,1
302,-1,1411.49,607.40,232.02,87.63,0.27,2,1,1
303,-1,88.44,539.60,176.88,196.49,0.70,2,1,1
304,-1,89.50,546.95,179.00,193.38,0.80,2,1,1
304,-1,1407.72,607.57,236.76,87.93,0.35,2,1,1
305,-1,90.77,552.39,181.54,184.27,0.88,2,1,1
306,-1,91.40,554.82,182.81,180.59,0.89,2,1,1
306,-1,1405.58,608.19,233.71,82.81,0.31,2,1,1
307,-1,92.86,557.86,185.72,178.36,0.89,2,1,1
308,-1,94.58,559.97,188.81,176.95,0.88,2,1,1
309,-1,97.58,566.77,188.63,173.57,0.89,2,1,1
310,-1,101.30,568.55,189.96,170.41,0.89,2,1,1
311,-1,104.03,569.77,187.03,168.61,0.89,2,1,1
312,-1,106.27,569.33,184.65,168.27,0.89,2,1,1
313,-1,109.65,570.28,182.85,168.56,0.89,2,1,1
314,-1,113.99,570.72,182.38,166.94,0.89,2,1,1
315,-1,115.54,569.72,181.80,166.73,0.89,2,1,1
316,-1,118.05,567.76,182.47,165.48,0.89,2,1,1
317,-1,119.05,564.91,183.32,160.22,0.89,2,1,1
318,-1,122.39,559.73,185.08,159.40,0.89,2,1,1
319,-1,125.40,555.16,184.32,159.92,0.89,2,1,1
320,-1,127.93,550.26,184.16,156.02,0.89,2,1,1
321,-1,130.24,546.76,183.61,151.27,0.90,2,1,1
322,-1,131.75,540.29,182.65,157.06,0.89,2,1,1
323,-1,134.47,534.96,181.46,151.95,0.88,2,1,1
324,-1,138.77,530.98,182.05,148.36,0.89,2,1,1
325,-1,140.88,523.75,181.18,150.30,0.88,2,1,1
326,-1,144.25,519.13,182.28,147.83,0.88,2,1,1
327,-1,146.83,512.52,181.42,146.93,0.88,2,1,1
328,-1,150.73,507.33,182.32,142.42,0.89,2,1,1
329,-1,153.44,502.69,179.95,140.67,0.90,2,1,1
330,-1,158.80,497.53,180.61,142.98,0.87,2,1,1
331,-1,163.37,490.02,180.00,137.29,0.87,2,1,1
332,-1,167.23,485.48,176.89,140.16,0.88,2,1,1
333,-1,171.80,480.22,174.33,137.94,0.88,2,1,1
334,-1,177.01,478.83,173.26,135.45,0.88,2,1,1
335,-1,181.81,470.66,174.34,132.39,0.87,2,1,1
336,-1,185.11,462.82,173.36,135.03,0.88,2,1,1
337,-1,189.41,460.60,170.37,133.70,0.88,2,1,1
338,-1,193.83,456.46,167.40,131.60,0.89,2,1,1
339,-1,197.12,451.33,168.31,128.72,0.88,2,1,1
340,-1,201.29,448.43,168.23,127.50,0.87,2,1,1
341,-1,204.95,444.74,168.44,125.75,0.87,2,1,1
342,-1,208.30,437.30,165.06,125.83,0.86,2,1,1
343,-1,213.65,432.14,165.65,126.28,0.85,2,1,1
344,-1,220.33,427.99,168.78,123.82,0.87,2,1,1
345,-1,225.05,419.06,167.40,124.23,0.84,2,1,1
346,-1,227.59,416.13,162.52,124.80,0.86,2,1,1
347,-1,232.34,411.13,157.26,119.31,0.84,2,1,1
348,-1,236.23,401.59,161.21,124.96,0.76,2,1,1
349,-1,238.80,400.23,158.72,122.62,0.75,2,1,1
350,-1,243.00,394.64,157.68,119.15,0.59,2,1,1
351,-1,246.13,390.36,157.34,120.61,0.74,2,1,1
352,-1,248.82,382.26,155.75,119.64,0.59,2,1,1
353,-1,250.78,378.98,160.40,118.72,0.32,2,1,1
354,-1,252.06,373.47,159.27,115.75,0.67,2,1,1
355,-1,253.99,365.91,157.35,119.24,0.72,2,1,1
356,-1,255.04,364.09,158.18,114.86,0.48,2,1,1
357,-1,259.91,357.54,153.54,116.07,0.75,2,1,1
358,-1,260.71,353.27,152.66,111.35,0.80,2,1,1
359,-1,260.96,349.29,149.99,113.19,0.83,2,1,1
360,-1,261.30,344.84,149.36,110.34,0.80,2,1,1
361,-1,262.76,335.91,150.39,113.50,0.80,2,1,1
362,-1,261.73,329.95,148.99,114.59,0.83,2,1,1
363,-1,260.79,327.11,150.35,114.57,0.74,2,1,1
364,-1,261.10,321.73,149.89,112.41,0.53,2,1,1
365,-1,260.26,319.32,151.07,112.35,0.48,2,1,1
366,-1,261.90,313.84,149.87,113.40,0.43,2,1,1
367,-1,263.56,307.92,149.55,115.73,0.71,2,1,1
368,-1,263.61,305.36,149.16,119.80,0.49,2,1,1
369,-1,264.38,302.57,145.60,113.75,0.68,2,1,1
370,-1,264.14,298.01,145.65,114.19,0.78,2,1,1
371,-1,264.02,296.84,148.03,110.12,0.72,2,1,1
371,-1,297.60,120.70,183.56,236.45,0.35,3,1,1
372,-1,264.31,292.09,144.90,110.42,0.71,2,1,1
373,-1,265.24,289.58,144.83,108.27,0.70,2,1,1
374,-1,263.92,287.44,141.74,105.56,0.77,2,1,1
375,-1,264.00,286.34,139.07,105.53,0.80,2,1,1
376,-1,262.54,283.85,137.70,102.95,0.77,2,1,1
377,-1,262.07,284.59,137.21,100.32,0.83,2,1,1
378,-1,261.50,283.18,138.23,99.21,0.80,2,1,1
379,-1,260.74,281.77,136.39,98.49,0.83,2,1,1
380,-1,259.70,279.54,133.28,97.01,0.81,2,1,1
381,-1,258.99,279.40,132.76,96.22,0.81,2,1,1
382,-1,258.49,277.34,130.20,97.79,0.82,2,1,1
383,-1,257.33,275.58,129.85,95.94,0.82,2,1,1
384,-1,256.84,274.52,130.05,96.52,0.81,2,1,1
385,-1,256.63,274.04,127.88,96.18,0.80,2,1,1
386,-1,256.91,273.75,129.60,95.97,0.82,2,1,1
387,-1,256.34,271.84,129.79,99.16,0.79,2,1,1
388,-1,256.13,271.34,127.67,98.40,0.76,2,1,1
389,-1,255.37,270.59,128.97,97.55,0.75,2,1,1
390,-1,254.92,270.70,128.33,96.48,0.78,2,1,1
391,-1,254.91,271.22,126.70,94.02,0.80,2,1,1
392,-1,254.63,271.45,128.48,90.92,0.74,2,1,1
393,-1,253.70,271.20,126.05,92.67,0.78,2,1,1
394,-1,253.34,270.29,125.08,92.82,0.80,2,1,1
395,-1,251.64,267.54,126.75,93.09,0.77,2,1,1
396,-1,250.31,266.86,127.03,91.57,0.76,2,1,1
397,-1,249.38,264.49,124.66,90.83,0.77,2,1,1
398,-1,249.83,261.99,123.91,93.53,0.68,2,1,1
399,-1,254.11,261.44,123.17,97.25,0.45,2,1,1
406,-1,294.02,228.10,116.49,85.95,0.43,2,1,1
407,-1,294.82,222.84,121.55,87.45,0.47,2,1,1
408,-1,295.11,217.68,120.89,95.91,0.66,2,1,1
409,-1,294.28,217.79,118.53,90.24,0.67,2,1,1
410,-1,294.06,215.48,119.59,87.84,0.64,2,1,1
411,-1,294.29,214.31,117.51,87.89,0.54,2,1,1
412,-1,293.75,215.41,116.55,84.55,0.59,2,1,1
413,-1,294.74,214.75,114.03,84.09,0.53,2,1,1
414,-1,293.01,213.75,113.18,83.17,0.47,2,1,1
415,-1,292.72,213.85,113.52,83.07,0.54,2,1,1
416,-1,292.40,214.11,113.14,83.99,0.56,2,1,1
417,-1,291.46,214.94,116.04,84.91,0.37,2,1,1
418,-1,291.47,216.97,116.17,84.55,0.34,2,1,1
420,-1,293.57,220.94,113.31,89.00,0.45,2,1,1
422,-1,291.59,233.66,110.99,95.45,0.38,2,1,1
425,-1,315.61,142.78,154.01,275.08,0.45,3,1,1
432,-1,292.73,284.47,110.24,98.92,0.43,2,1,1
433,-1,293.07,286.68,111.00,92.40,0.38,2,1,1
433,-1,308.62,125.67,161.37,244.12,0.38,3,1,1
434,-1,307.87,144.13,166.71,276.33,0.27,3,1,1
443,-1,274.20,334.04,105.78,93.16,0.27,2,1,1
444,-1,272.61,338.31,103.12,97.73,0.31,2,1,1
445,-1,290.90,157.07,150.36,300.97,0.36,3,1,1
446,-1,286.32,173.59,146.04,334.60,0.44,3,1,1
472,-1,498.42,401.86,102.15,96.11,0.34,2,1,1
473,-1,503.51,400.55,109.06,101.40,0.42,2,1,1
477,-1,537.54,403.70,111.30,103.85,0.60,2,1,1
479,-1,549.87,405.31,110.47,106.09,0.38,2,1,1
480,-1,559.55,404.82,107.75,108.33,0.39,2,1,1
483,-1,579.64,407.43,110.92,106.29,0.61,2,1,1
485,-1,591.73,412.58,105.85,101.40,0.42,2,1,1
486,-1,601.10,413.61,112.13,104.37,0.31,2,1,1
487,-1,604.80,415.34,117.35,110.75,0.41,2,1,1
488,-1,613.73,416.88,106.24,107.80,0.55,2,1,1
489,-1,620.48,419.71,109.54,106.31,0.68,2,1,1
490,-1,628.78,420.10,112.65,112.28,0.74,2,1,1
491,-1,635.57,421.40,110.10,112.49,0.75,2,1,1
492,-1,640.94,425.47,107.90,109.30,0.74,2,1,1
494,-1,656.98,429.61,107.02,114.01,0.51,2,1,1
495,-1,662.77,432.86,103.77,114.52,0.45,2,1,1
496,-1,669.72,436.25,110.93,113.61,0.42,2,1,1
497,-1,677.00,439.27,114.02,113.93,0.78,2,1,1
498,-1,684.46,439.37,105.44,113.19,0.48,2,1,1
499,-1,690.83,443.12,104.03,122.30,0.58,2,1,1
500,-1,697.50,444.47,102.71,119.30,0.77,2,1,1
500,-1,1577.99,993.96,76.40,64.38,0.30,2,1,1
501,-1,704.28,447.18,101.72,119.57,0.73,2,1,1
502,-1,711.12,450.13,105.37,122.43,0.67,2,1,1
503,-1,715.10,452.55,109.31,122.39,0.54,2,1,1
504,-1,722.00,458.54,106.01,125.33,0.37,2,1,1
505,-1,727.61,465.02,110.68,123.96,0.77,2,1,1
505,-1,253.97,317.81,203.26,212.59,0.28,3,1,1
506,-1,734.11,468.30,106.73,132.34,0.75,2,1,1
507,-1,739.23,471.32,104.75,132.45,0.79,2,1,1
507,-1,1624.62,1042.62,71.65,62.39,0.40,2,1,1
507,-1,265.19,299.52,196.72,265.05,0.35,3,1,1
508,-1,742.29,475.14,102.53,130.01,0.80,2,1,1
508,-1,269.04,226.22,213.71,409.75,0.53,3,1,1
508,-1,1632.30,1048.30,78.77,59.35,0.34,2,1,1
509,-1,751.57,479.48,104.93,134.97,0.70,2,1,1
509,-1,264.69,224.92,221.53,415.87,0.48,3,1,1
510,-1,759.88,490.19,105.08,125.88,0.82,2,1,1
510,-1,275.99,233.31,202.66,411.63,0.49,3,1,1
511,-1,770.37,491.57,104.58,129.22,0.82,2,1,1
511,-1,287.65,296.97,193.60,291.58,0.57,3,1,1
511,-1,290.62,225.04,196.09,438.62,0.53,3,1,1
512,-1,778.51,495.53,104.79,130.71,0.85,2,1,1
512,-1,290.28,257.44,195.89,376.89,0.59,3,1,1
512,-1,289.13,333.33,195.31,220.45,0.38,3,1,1
513,-1,789.00,497.74,104.02,129.33,0.86,2,1,1
513,-1,294.01,330.17,203.05,236.07,0.46,3,1,1
514,-1,788.97,498.39,104.54,129.20,0.86,2,1,1
514,-1,293.87,341.63,203.69,217.38,0.47,3,1,1
515,-1,797.88,505.36,104.64,135.55,0.87,2,1,1
515,-1,301.34,275.36,212.63,351.79,0.47,3,1,1
516,-1,807.06,510.32,104.38,134.61,0.87,2,1,1
516,-1,304.52,315.57,210.85,276.62,0.49,3,1,1
517,-1,825.31,520.97,103.80,135.59,0.85,2,1,1
518,-1,825.54,520.08,103.42,134.72,0.84,2,1,1
519,-1,832.50,521.89,105.83,136.78,0.86,2,1,1
520,-1,837.43,526.12,103.82,139.73,0.83,2,1,1
521,-1,839.70,533.72,101.77,142.69,0.87,2,1,1
522,-1,840.11,540.90,102.12,151.91,0.87,2,1,1
523,-1,840.70,545.30,102.81,147.37,0.86,2,1,1
523,-1,344.80,376.30,181.90,193.61,0.32,3,1,1
524,-1,841.80,552.34,101.34,145.42,0.85,2,1,1
525,-1,842.56,557.34,101.40,148.07,0.85,2,1,1
525,-1,338.91,375.77,190.12,218.07,0.34,3,1,1
526,-1,843.71,562.38,103.93,147.10,0.84,2,1,1
526,-1,338.79,382.31,187.77,213.20,0.41,3,1,1
527,-1,845.11,567.39,103.70,149.58,0.82,2,1,1
528,-1,847.27,570.64,104.19,151.79,0.85,2,1,1
529,-1,849.15,576.63,103.01,150.83,0.84,2,1,1
530,-1,851.49,579.28,103.20,148.68,0.85,2,1,1
531,-1,855.07,584.28,104.05,152.70,0.83,2,1,1
532,-1,856.55,586.90,103.07,153.64,0.84,2,1,1
533,-1,858.81,592.34,103.91,152.90,0.84,2,1,1
534,-1,859.14,591.46,104.00,157.05,0.84,2,1,1
535,-1,865.30,595.37,103.47,157.52,0.87,2,1,1
535,-1,335.11,389.32,202.14,219.27,0.57,3,1,1
536,-1,868.80,598.35,101.48,158.20,0.88,2,1,1
536,-1,335.94,392.10,203.16,222.73,0.61,3,1,1
537,-1,876.33,605.07,100.19,153.87,0.89,2,1,1
537,-1,338.52,390.92,206.00,227.36,0.75,3,1,1
538,-1,885.57,609.04,98.65,156.87,0.89,2,1,1
538,-1,342.51,390.97,208.38,229.26,0.74,3,1,1
539,-1,892.16,612.65,101.79,157.59,0.86,2,1,1
539,-1,345.86,392.02,214.57,230.25,0.66,3,1,1
540,-1,901.36,617.20,100.18,158.66,0.86,2,1,1
540,-1,348.00,392.75,220.60,228.16,0.56,3,1,1
541,-1,910.07,621.43,100.60,156.96,0.87,2,1,1
542,-1,931.60,628.07,98.15,158.46,0.90,2,1,1
543,-1,943.88,630.39,100.31,160.21,0.91,2,1,1
544,-1,954.95,632.54,98.86,163.61,0.89,2,1,1
545,-1,967.71,635.00,97.34,164.79,0.89,2,1,1
546,-1,980.50,638.36,95.36,168.43,0.88,2,1,1
547,-1,993.98,639.75,98.31,170.57,0.87,2,1,1
548,-1,1006.20,643.81,97.71,170.04,0.86,2,1,1
549,-1,1018.25,645.98,94.90,171.95,0.89,2,1,1
550,-1,1031.97,648.36,97.03,171.72,0.86,2,1,1
551,-1,1045.13,649.43,96.85,173.71,0.86,2,1,1
552,-1,1057.95,650.30,95.51,175.25,0.89,2,1,1
553,-1,1072.73,654.85,89.37,175.08,0.87,2,1,1
554,-1,1086.07,656.31,93.18,177.40,0.84,2,1,1
555,-1,1101.59,658.03,93.76,175.65,0.84,2,1,1
555,-1,474.85,477.58,257.48,135.52,0.34,2,1,1
556,-1,1114.14,660.70,90.71,179.69,0.87,2,1,1
556,-1,485.74,483.98,256.65,130.90,0.50,2,1,1
557,-1,1129.50,661.15,89.66,179.91,0.83,2,1,1
557,-1,492.95,485.45,261.06,133.52,0.62,2,1,1
558,-1,1144.12,662.47,91.18,178.76,0.83,2,1,1
558,-1,500.86,489.85,270.69,134.46,0.46,2,1,1
559,-1,1159.84,663.14,88.09,181.10,0.87,2,1,1
559,-1,512.90,493.01,272.98,136.26,0.41,2,1,1
560,-1,1173.51,663.97,83.65,183.75,0.83,2,1,1
560,-1,526.94,498.05,270.90,136.70,0.34,2,1,1
561,-1,1190.79,666.44,88.09,184.31,0.81,2,1,1
562,-1,1208.66,667.95,84.97,187.03,0.82,2,1,1
563,-1,1226.62,670.99,82.87,192.28,0.78,2,1,1
563,-1,29.48,918.96,58.64,128.65,0.44,2,1,1
563,-1,562.03,508.74,279.95,142.52,0.35,2,1,1
564,-1,1240.98,672.50,88.25,188.89,0.73,2,1,1
564,-1,576.40,516.89,275.96,134.42,0.66,2,1,1
564,-1,34.91,936.85,69.34,145.12,0.34,2,1,1
565,-1,1257.71,677.07,81.78,189.76,0.81,2,1,1
565,-1,586.00,517.68,282.35,142.07,0.69,2,1,1
566,-1,1272.11,681.56,83.17,192.61,0.85,2,1,1
566,-1,596.71,522.33,286.60,143.65,0.74,2,1,1
567,-1,1287.08,685.88,82.82,194.40,0.84,2,1,1
567,-1,604.16,527.65,301.50,142.09,0.77,2,1,1
568,-1,1306.52,690.64,82.13,195.88,0.84,2,1,1
568,-1,619.48,530.05,299.15,146.44,0.77,2,1,1
569,-1,1323.81,696.46,80.86,193.31,0.85,2,1,1
569,-1,635.75,534.74,298.95,146.60,0.81,2,1,1
570,-1,648.86,540.10,300.12,145.04,0.83,2,1,1
570,-1,1339.17,701.72,81.10,198.67,0.83,2,1,1
571,-1,661.00,544.21,305.43,151.00,0.85,2,1,1
571,-1,1355.24,711.65,78.72,195.23,0.84,2,1,1
572,-1,671.37,550.48,319.82,150.77,0.85,2,1,1
572,-1,1372.54,717.72,78.27,193.97,0.85,2,1,1
573,-1,1388.11,724.55,82.12,197.37,0.79,2,1,1
573,-1,680.67,554.39,327.58,156.69,0.77,2,1,1
574,-1,1404.84,730.84,79.08,195.94,0.84,2,1,1
574,-1,697.05,556.26,327.31,163.07,0.82,2,1,1
575,-1,1420.31,738.82,79.85,194.56,0.87,2,1,1
575,-1,717.35,563.87,317.67,158.08,0.83,2,1,1
576,-1,1435.72,745.35,82.59,196.34,0.84,2,1,1
576,-1,728.00,565.47,324.93,164.88,0.82,2,1,1
577,-1,1448.46,752.97,82.20,199.37,0.86,2,1,1
577,-1,735.37,568.97,337.89,168.50,0.81,2,1,1
578,-1,1464.24,760.78,83.12,195.71,0.87,2,1,1
578,-1,745.79,572.77,342.20,171.57,0.81,2,1,1
579,-1,763.06,578.30,334.89,173.01,0.84,2,1,1
579,-1,1476.45,767.81,85.15,200.54,0.84,2,1,1
580,-1,775.82,583.30,338.11,175.91,0.85,2,1,1
580,-1,1491.54,774.76,85.74,201.33,0.84,2,1,1
581,-1,1506.81,782.44,90.10,203.76,0.86,2,1,1
581,-1,790.28,585.66,332.63,184.54,0.84,2,1,1
582,-1,1520.68,789.01,88.31,202.69,0.87,2,1,1
582,-1,800.76,588.47,341.58,190.72,0.83,2,1,1
583,-1,1534.36,795.75,92.03,202.60,0.84,2,1,1
583,-1,811.88,594.01,351.09,194.37,0.80,2,1,1
584,-1,1551.02,801.85,93.53,201.62,0.85,2,1,1
584,-1,823.28,603.34,358.73,190.65,0.80,2,1,1
585,-1,1565.17,806.77,92.34,201.89,0.87,2,1,1
585,-1,845.61,608.19,349.92,193.73,0.84,2,1,1
586,-1,858.59,615.59,361.14,192.60,0.85,2,1,1
586,-1,1580.92,812.00,94.05,205.88,0.79,2,1,1
587,-1,875.86,620.91,358.45,196.94,0.88,2,1,1
587,-1,1598.16,818.99,97.87,206.23,0.73,2,1,1
588,-1,1613.36,824.84,95.05,207.51,0.87,2,1,1
588,-1,886.98,628.55,372.51,199.75,0.85,2,1,1
589,-1,903.86,635.42,377.31,198.65,0.85,2,1,1
589,-1,1630.30,832.54,97.43,207.92,0.81,2,1,1
590,-1,1647.63,839.91,99.13,205.91,0.86,2,1,1
590,-1,925.71,642.91,377.91,200.62,0.85,2,1,1
591,-1,1665.07,846.63,100.22,203.59,0.87,2,1,1
591,-1,943.59,648.89,377.99,205.07,0.86,2,1,1
592,-1,965.82,657.91,376.71,203.35,0.88,2,1,1
592,-1,1681.48,853.76,102.52,202.68,0.85,2,1,1
593,-1,985.40,663.31,372.70,203.13,0.89,2,1,1
593,-1,1697.54,861.44,104.54,199.02,0.83,2,1,1
594,-1,1003.64,668.10,382.28,209.37,0.89,2,1,1
594,-1,1715.63,870.37,102.63,207.62,0.78,2,1,1
595,-1,1022.08,676.94,386.64,204.55,0.89,2,1,1
595,-1,1729.81,876.66,108.65,206.71,0.81,2,1,1
596,-1,1042.40,683.20,383.91,209.14,0.88,2,1,1
596,-1,1744.54,883.36,105.74,205.09,0.73,2,1,1
597,-1,1060.89,688.97,389.19,212.69,0.88,2,1,1
597,-1,1758.62,890.52,109.37,205.15,0.82,2,1,1
598,-1,1073.86,695.05,396.09,212.91,0.88,2,1,1
598,-1,1773.74,898.47,107.61,205.96,0.82,2,1,1
599,-1,1100.66,701.95,394.33,214.89,0.89,2,1,1
599,-1,1788.54,904.75,108.37,201.80,0.83,2,1,1
599,-1,79.70,683.64,159.40,143.69,0.49,2,1,1
600,-1,1122.61,709.99,392.38,213.37,0.90,2,1,1
600,-1,1803.25,913.58,109.01,202.61,0.72,2,1,1
600,-1,85.94,705.53,171.89,177.68,0.45,2,1,1
601,-1,1143.60,717.08,397.41,219.82,0.91,2,1,1
601,-1,1820.54,920.27,105.48,201.95,0.74,2,1,1
601,-1,92.75,702.65,185.50,168.54,0.59,2,1,1
601,-1,80.09,715.32,159.63,136.94,0.34,2,1,1
602,-1,1163.79,722.25,400.07,219.01,0.91,2,1,1
602,-1,1836.61,927.50,114.19,204.60,0.82,2,1,1
602,-1,100.41,703.85,200.81,154.24,0.77,2,1,1
603,-1,1188.21,730.63,398.84,217.24,0.90,2,1,1
603,-1,1853.07,932.50,115.72,202.14,0.83,2,1,1
603,-1,108.27,702.44,216.38,153.82,0.78,2,1,1
604,-1,1212.20,735.84,399.92,220.97,0.90,2,1,1
604,-1,1868.18,939.41,103.37,198.61,0.79,2,1,1
604,-1,114.24,709.15,228.49,136.20,0.68,2,1,1
605,-1,1236.90,741.82,400.27,220.63,0.90,2,1,1
605,-1,126.92,721.05,253.85,160.09,0.63,2,1,1
605,-1,1877.58,958.37,84.85,226.52,0.44,2,1,1
605,-1,1877.76,958.61,84.49,228.46,0.25,3,1,1
606,-1,1260.90,750.19,399.53,218.15,0.90,2,1,1
606,-1,136.51,744.16,273.01,201.84,0.72,2,1,1
606,-1,1885.17,956.33,69.66,204.44,0.28,2,1,1
607,-1,1286.63,754.91,400.56,224.24,0.90,2,1,1
607,-1,149.43,746.67,298.87,203.10,0.79,2,1,1
607,-1,1894.41,955.48,51.19,196.62,0.38,2,1,1
608,-1,1311.63,762.37,402.53,223.65,0.91,2,1,1
608,-1,161.60,749.40,323.20,211.58,0.75,2,1,1
608,-1,1902.37,964.38,35.26,200.66,0.34,3,1,1
609,-1,1339.45,767.96,398.75,226.64,0.90,2,1,1
609,-1,170.90,762.19,341.79,209.42,0.68,2,1,1
610,-1,1362.09,771.63,400.28,226.78,0.91,2,1,1
610,-1,181.04,786.53,360.33,254.38,0.72,2,1,1
611,-1,1388.24,779.22,395.72,222.50,0.91,2,1,1
611,-1,192.42,812.38,384.40,275.96,0.46,2,1,1
611,-1,191.90,866.27,382.86,399.97,0.36,2,1,1
611,-1,191.82,873.96,383.64,404.76,0.27,3,1,1
612,-1,1388.23,779.22,395.71,222.50,0.91,2,1,1
612,-1,192.43,812.41,384.41,276.04,0.46,2,1,1
612,-1,191.91,866.28,382.88,399.95,0.36,2,1,1
612,-1,191.82,873.97,383.65,404.76,0.27,3,1,1
613,-1,1414.58,782.01,394.99,222.77,0.92,2,1,1
613,-1,202.89,874.62,405.79,405.55,0.66,3,1,1
613,-1,205.31,868.46,409.50,404.02,0.50,2,1,1
614,-1,1438.26,785.88,399.94,219.37,0.91,2,1,1
614,-1,219.64,872.92,438.97,392.25,0.74,2,1,1
614,-1,218.87,877.57,437.75,397.79,0.58,3,1,1
614,-1,1136.09,488.56,90.74,94.98,0.34,2,1,1
615,-1,1462.30,788.91,404.17,220.09,0.91,2,1,1
615,-1,227.68,881.17,455.36,375.60,0.80,2,1,1
615,-1,227.67,887.55,455.34,377.02,0.55,3,1,1
615,-1,1155.35,491.89,92.56,95.71,0.40,2,1,1
616,-1,1486.22,790.66,402.21,216.17,0.90,2,1,1
616,-1,244.39,881.26,488.78,386.87,0.80,3,1,1
616,-1,244.27,877.63,488.54,381.77,0.73,2,1,1
617,-1,1513.73,793.66,400.96,220.63,0.89,2,1,1
617,-1,259.62,885.42,519.24,387.63,0.72,3,1,1
617,-1,259.29,884.88,518.58,386.32,0.67,2,1,1
617,-1,1202.05,495.85,89.65,97.51,0.40,2,1,1
618,-1,1538.28,795.10,398.62,216.09,0.88,2,1,1
618,-1,268.52,891.17,537.05,375.90,0.77,3,1,1
618,-1,268.97,889.97,537.95,377.26,0.76,2,1,1
619,-1,1558.46,794.76,404.57,219.86,0.89,2,1,1
619,-1,288.74,886.04,577.48,374.32,0.85,2,1,1
619,-1,288.93,888.53,577.87,375.32,0.53,3,1,1
619,-1,1246.50,497.00,91.32,93.05,0.51,2,1,1
620,-1,1587.46,796.28,392.04,213.91,0.87,2,1,1
620,-1,312.12,889.71,577.25,370.03,0.86,2,1,1
620,-1,1265.29,497.10,93.49,95.06,0.44,2,1,1
620,-1,312.37,890.53,578.31,369.48,0.26,3,1,1
621,-1,1609.59,797.92,393.06,216.96,0.90,2,1,1
621,-1,338.88,895.61,580.16,362.28,0.87,2,1,1
621,-1,1287.41,499.71,96.09,96.11,0.50,2,1,1
622,-1,356.66,902.89,579.38,349.13,0.90,2,1,1
622,-1,1634.53,800.82,388.41,210.69,0.90,2,1,1
623,-1,1661.26,800.20,389.78,214.09,0.88,2,1,1
623,-1,380.52,897.94,597.79,357.02,0.84,2,1,1
623,-1,381.41,901.07,597.96,351.36,0.54,3,1,1
623,-1,1331.88,502.19,103.45,97.11,0.40,2,1,1
624,-1,1682.83,803.06,382.06,209.50,0.90,2,1,1
624,-1,404.52,901.78,629.07,355.13,0.56,2,1,1
624,-1,406.48,901.95,628.07,353.71,0.54,3,1,1
624,-1,1351.40,502.47,102.62,96.54,0.31,2,1,1
625,-1,464.14,909.29,572.51,338.93,0.92,2,1,1
625,-1,1706.69,804.06,375.32,206.83,0.89,2,1,1
625,-1,1377.83,503.06,102.85,94.39,0.53,2,1,1
626,-1,502.47,911.01,543.72,335.75,0.90,2,1,1
626,-1,1724.72,803.67,380.59,208.00,0.89,2,1,1
626,-1,1395.65,506.03,98.53,96.40,0.42,2,1,1
627,-1,538.48,917.54,527.02,322.30,0.91,2,1,1
627,-1,1744.38,805.81,351.23,204.78,0.83,2,1,1
627,-1,1416.94,504.15,102.83,96.54,0.53,2,1,1
628,-1,1759.34,805.50,321.32,209.22,0.86,2,1,1
628,-1,600.79,919.93,522.93,316.33,0.85,2,1,1
628,-1,1453.48,507.03,110.38,97.43,0.42,2,1,1
629,-1,644.30,921.29,472.93,313.14,0.90,2,1,1
629,-1,1772.85,809.41,294.29,210.65,0.86,2,1,1
629,-1,1464.51,509.74,100.35,103.62,0.46,2,1,1
630,-1,654.08,928.21,452.39,297.29,0.90,2,1,1
630,-1,1777.04,823.13,285.92,219.20,0.72,2,1,1
631,-1,647.76,924.86,467.74,306.11,0.89,2,1,1
631,-1,1770.44,842.56,299.11,227.08,0.77,2,1,1
632,-1,650.18,931.04,478.76,293.47,0.88,2,1,1
632,-1,1763.49,866.61,313.03,226.15,0.86,2,1,1
633,-1,649.61,932.60,492.28,290.61,0.80,2,1,1
633,-1,1755.21,896.65,303.16,205.48,0.70,2,1,1
634,-1,1727.48,910.14,317.43,228.68,0.71,2,1,1
634,-1,652.82,930.22,508.40,294.80,0.50,2,1,1
635,-1,1735.73,944.03,257.35,210.47,0.63,2,1,1
636,-1,1727.99,971.26,239.55,197.52,0.61,2,1,1
638,-1,583.05,979.23,374.87,195.16,0.34,2,1,1
639,-1,567.35,983.33,352.85,187.18,0.51,2,1,1
640,-1,565.22,984.20,343.51,186.38,0.57,2,1,1
641,-1,566.32,984.98,343.84,184.82,0.54,2,1,1
642,-1,589.92,970.08,392.24,215.30,0.35,2,1,1
646,-1,673.32,957.73,336.33,240.52,0.38,2,1,1
650,-1,1337.73,662.01,82.17,108.37,0.75,2,1,1
651,-1,1340.09,658.10,87.05,104.58,0.63,2,1,1
652,-1,1342.49,657.73,85.61,109.83,0.71,2,1,1
653,-1,1344.94,655.28,92.04,106.30,0.68,2,1,1
654,-1,1348.24,651.11,86.26,110.11,0.69,2,1,1
655,-1,1349.66,647.10,88.71,110.09,0.70,2,1,1
656,-1,1354.53,643.74,97.50,112.45,0.44,2,1,1
656,-1,1705.64,999.18,212.91,161.64,0.32,2,1,1
657,-1,1365.38,633.10,98.36,107.23,0.45,2,1,1
658,-1,1384.82,626.50,87.06,109.16,0.61,2,1,1
659,-1,1409.81,608.66,101.63,107.65,0.53,2,1,1
659,-1,1736.40,930.77,293.99,204.37,0.25,2,1,1
660,-1,1430.79,597.86,98.27,104.93,0.68,2,1,1
660,-1,1776.94,916.73,256.93,194.43,0.27,2,1,1
661,-1,1430.13,597.74,98.67,104.58,0.70,2,1,1
661,-1,1774.38,916.58,261.21,194.49,0.31,2,1,1
662,-1,1796.76,902.18,246.49,177.83,0.56,2,1,1
662,-1,1449.38,588.72,89.98,101.83,0.40,2,1,1
663,-1,1788.81,878.68,262.38,191.97,0.75,2,1,1
663,-1,1464.22,584.25,116.67,115.93,0.62,2,1,1
664,-1,1484.56,570.81,96.53,106.76,0.36,2,1,1
665,-1,1810.85,848.76,218.29,184.44,0.64,2,1,1
666,-1,1518.93,549.28,111.44,101.94,0.57,2,1,1
666,-1,1816.51,827.41,206.98,163.70,0.52,2,1,1
668,-1,1835.87,781.01,168.27,120.16,0.67,2,1,1
668,-1,1553.11,534.88,111.26,105.43,0.49,2,1,1
669,-1,1848.81,765.03,142.38,104.70,0.61,2,1,1
670,-1,1579.74,518.93,113.80,94.00,0.69,2,1,1
670,-1,1856.24,751.18,127.28,95.07,0.44,2,1,1
671,-1,1609.57,512.16,122.51,98.54,0.63,2,1,1
672,-1,1623.24,510.62,120.40,98.10,0.75,2,1,1
673,-1,1637.56,510.94,119.31,94.36,0.64,2,1,1
674,-1,1649.88,512.35,123.56,95.67,0.50,2,1,1
675,-1,1663.96,514.77,125.27,95.60,0.82,2,1,1
676,-1,1670.53,519.28,120.65,90.42,0.76,2,1,1
677,-1,1685.66,528.41,117.15,93.36,0.72,2,1,1
