21,1,36.78,886.24,73.10,92.07,0.41,2,1,1
22,1,40.29,842.06,80.15,102.40,0.56,2,1,1
23,1,41.69,828.71,83.37,112.44,0.53,2,1,1
24,1,41.07,836.62,82.15,118.71,0.40,2,1,1
26,1,41.42,863.91,82.48,124.54,0.39,2,1,1
27,1,38.81,870.46,77.62,121.93,0.46,2,1,1
28,1,38.55,877.92,77.10,113.99,0.45,2,1,1
30,1,32.00,888.45,63.99,88.20,0.38,2,1,1
31,1,27.36,892.60,54.53,90.53,0.42,2,1,1
97,1,29.87,875.47,59.73,103.02,0.42,2,1,1
98,1,32.06,877.68,64.12,111.34,0.48,2,1,1
101,1,39.22,884.81,78.43,116.90,0.52,2,1,1
104,1,48.87,898.17,97.73,127.48,0.43,2,1,1
105,1,52.59,898.25,105.18,139.11,0.42,2,1,1
106,1,60.24,910.00,120.47,121.72,0.53,2,1,1
107,1,65.10,917.10,130.09,109.76,0.37,2,1,1
127,2,230.03,236.85,179.46,108.81,0.41,2,1,1
129,2,243.02,238.78,176.69,109.85,0.40,2,1,1
130,2,248.99,243.41,179.26,115.91,0.50,2,1,1
131,2,255.92,246.36,179.44,116.66,0.73,2,1,1
132,2,265.28,248.63,177.32,118.61,0.72,2,1,1
133,2,270.36,255.57,192.44,113.72,0.60,2,1,1
134,2,284.06,257.55,180.72,119.35,0.76,2,1,1
135,2,288.39,262.27,184.32,115.10,0.76,2,1,1
136,2,308.22,265.48,184.26,111.57,0.72,2,1,1
137,2,328.63,266.89,178.68,113.55,0.78,2,1,1
138,2,346.84,268.62,187.17,114.64,0.75,2,1,1
139,2,375.55,268.47,188.35,119.10,0.60,2,1,1
140,2,405.66,268.14,186.72,113.57,0.79,2,1,1
141,2,434.42,268.24,184.08,114.31,0.75,2,1,1
142,2,461.07,269.58,188.56,113.75,0.65,2,1,1
143,2,485.01,267.87,190.08,115.76,0.81,2,1,1
144,2,502.53,266.16,193.29,115.74,0.79,2,1,1
145,2,502.75,266.10,193.54,115.10,0.78,2,1,1
146,2,517.03,266.86,196.36,114.11,0.72,2,1,1
147,2,525.98,267.42,194.49,115.10,0.77,2,1,1
148,2,532.28,267.36,195.82,116.67,0.75,2,1,1
149,2,536.50,267.62,197.27,120.54,0.82,2,1,1
150,2,537.80,269.88,200.93,118.53,0.86,2,1,1
151,2,539.24,270.11,202.82,121.33,0.86,2,1,1
152,2,538.04,270.60,204.49,122.76,0.86,2,1,1
153,2,538.19,272.25,205.42,128.02,0.86,2,1,1
154,2,535.87,274.91,207.80,129.17,0.86,2,1,1
155,2,531.26,278.22,211.95,127.69,0.86,2,1,1
156,2,525.92,281.31,209.02,129.66,0.84,2,1,1
157,2,518.94,285.64,206.79,128.43,0.85,2,1,1
158,2,512.46,290.57,210.64,130.09,0.86,2,1,1
159,2,502.55,294.53,206.26,132.03,0.85,2,1,1
160,2,492.71,296.67,207.35,133.13,0.85,2,1,1
161,2,484.37,301.20,209.33,131.77,0.84,2,1,1
162,2,476.08,304.71,209.39,134.56,0.83,2,1,1
163,2,466.47,313.37,208.73,136.08,0.88,2,1,1
164,2,466.94,316.71,207.19,134.64,0.87,2,1,1
165,2,469.35,320.77,203.98,133.91,0.84,2,1,1
166,2,474.32,322.42,203.25,131.94,0.81,2,1,1
167,2,476.32,324.74,207.36,136.40,0.86,2,1,1
168,2,476.30,330.80,209.21,137.05,0.87,2,1,1
169,2,476.39,333.83,210.60,140.21,0.87,2,1,1
170,2,472.29,337.11,215.52,142.83,0.88,2,1,1
171,2,462.71,340.29,217.79,141.91,0.88,2,1,1
172,2,452.41,344.46,219.23,142.92,0.88,2,1,1
173,2,440.52,348.57,214.52,142.42,0.88,2,1,1
174,2,431.04,350.31,217.81,140.94,0.88,2,1,1
175,2,421.90,353.26,216.69,144.08,0.88,2,1,1
176,2,411.17,355.25,219.08,141.64,0.89,2,1,1
177,2,398.32,357.65,217.73,144.40,0.89,2,1,1
178,2,384.21,358.58,218.22,145.65,0.87,2,1,1
179,2,370.49,359.36,220.93,149.23,0.90,2,1,1
179,3,1664.44,576.83,212.17,87.04,0.42,2,1,1
180,2,356.58,360.29,220.92,150.69,0.90,2,1,1
180,3,1658.75,573.18,214.75,87.18,0.36,2,1,1
181,2,343.97,363.00,220.49,148.10,0.89,2,1,1
182,2,328.18,364.72,224.13,152.85,0.90,2,1,1
182,3,1645.64,568.98,218.01,92.83,0.41,2,1,1
183,2,312.49,366.49,224.05,154.46,0.89,2,1,1
183,3,1639.67,566.79,224.53,90.87,0.36,2,1,1
184,2,295.16,369.52,223.35,156.35,0.89,2,1,1
185,2,280.48,370.72,222.54,158.37,0.90,2,1,1
186,2,267.71,372.56,226.22,158.32,0.90,2,1,1
187,2,260.04,372.86,225.84,160.64,0.90,2,1,1
188,2,249.31,374.38,227.40,160.70,0.90,2,1,1
188,3,1615.68,556.40,226.35,90.66,0.39,2,1,1
189,2,245.66,373.32,228.31,162.12,0.90,2,1,1
189,3,1617.17,555.70,227.26,92.18,0.43,2,1,1
190,2,244.10,373.18,232.25,163.48,0.90,2,1,1
191,2,241.16,372.14,233.92,164.92,0.90,2,1,1
192,2,239.27,367.60,237.78,162.39,0.91,2,1,1
193,2,236.69,352.04,237.81,166.39,0.91,2,1,1
193,3,1648.12,518.04,213.60,87.12,0.69,2,1,1
194,2,235.71,335.08,235.31,168.46,0.89,2,1,1
195,2,233.70,320.35,238.87,172.62,0.91,2,1,1
196,2,227.27,315.76,243.55,177.43,0.91,2,1,1
197,2,221.14,314.87,244.54,178.88,0.91,2,1,1
197,3,1665.02,430.95,227.92,96.97,0.44,2,1,1
198,2,210.83,316.68,238.84,182.78,0.90,2,1,1
199,2,209.45,316.98,241.51,186.33,0.91,2,1,1
200,2,206.20,316.78,236.99,187.08,0.91,2,1,1
201,2,205.54,316.75,237.70,190.12,0.91,2,1,1
202,2,205.37,316.79,237.62,190.42,0.91,2,1,1
203,2,205.16,317.47,239.13,192.31,0.91,2,1,1
204,2,205.27,319.26,239.79,196.90,0.91,2,1,1
205,2,206.58,319.82,239.69,197.45,0.91,2,1,1
206,2,209.24,320.95,240.88,195.84,0.91,2,1,1
207,2,214.13,322.23,242.38,195.22,0.90,2,1,1
208,2,219.42,323.88,240.85,194.70,0.90,2,1,1
209,2,220.46,324.58,241.83,192.13,0.90,2,1,1
210,2,220.94,325.79,241.92,194.06,0.90,2,1,1
211,2,221.23,327.71,241.23,193.59,0.91,2,1,1
212,2,221.20,328.32,241.33,193.82,0.91,2,1,1
212,3,1701.30,416.83,234.07,102.14,0.61,2,1,1
213,2,220.35,330.39,240.46,190.42,0.91,2,1,1
213,3,1700.46,418.17,234.87,102.95,0.64,2,1,1
214,2,219.00,330.80,242.65,190.46,0.91,2,1,1
214,3,1699.57,420.39,234.72,98.86,0.66,2,1,1
215,2,216.71,332.35,240.38,189.25,0.91,2,1,1
215,3,1697.51,420.87,234.48,98.74,0.63,2,1,1
216,2,211.84,332.93,243.34,189.48,0.91,2,1,1
217,2,209.07,335.43,243.94,188.00,0.90,2,1,1
218,2,205.72,336.58,242.91,189.30,0.90,2,1,1
219,2,201.79,337.49,241.91,189.79,0.90,2,1,1
220,2,196.59,339.95,241.01,189.45,0.90,2,1,1
221,2,191.84,341.76,238.07,189.17,0.89,2,1,1
222,2,192.09,341.88,238.70,188.90,0.89,2,1,1
223,2,187.41,342.65,237.57,190.93,0.89,2,1,1
223,3,1668.55,420.58,238.69,84.98,0.43,2,1,1
224,2,180.36,346.44,241.84,191.62,0.89,2,1,1
225,2,176.01,349.74,241.15,194.79,0.90,2,1,1
225,3,1656.92,416.60,241.81,86.19,0.46,2,1,1
226,2,170.95,352.02,237.93,191.87,0.90,2,1,1
226,3,1652.67,414.23,232.07,84.37,0.52,2,1,1
227,2,160.01,359.03,236.73,195.80,0.90,2,1,1
228,2,154.12,362.08,233.63,198.47,0.90,2,1,1
229,2,151.02,365.41,233.80,197.15,0.91,2,1,1
230,2,149.45,367.69,233.22,196.99,0.90,2,1,1
230,3,1627.92,403.02,242.29,81.90,0.35,2,1,1
231,2,149.22,368.45,234.43,198.78,0.91,2,1,1
232,2,148.50,369.95,232.76,195.91,0.91,2,1,1
233,2,148.14,370.34,232.38,196.62,0.91,2,1,1
233,3,1626.24,402.44,240.59,81.54,0.38,2,1,1
234,2,148.32,370.39,232.49,196.11,0.91,2,1,1
234,3,1625.68,402.56,242.20,80.86,0.46,2,1,1
235,2,147.96,370.50,231.65,195.75,0.91,2,1,1
235,3,1626.07,402.33,240.53,80.79,0.45,2,1,1
236,2,148.44,370.94,231.48,196.02,0.91,2,1,1
236,3,1626.33,402.64,242.37,81.89,0.56,2,1,1
237,2,149.61,370.64,228.95,196.70,0.91,2,1,1
237,3,1627.96,402.63,239.35,82.79,0.49,2,1,1
238,2,152.92,372.64,224.57,195.01,0.91,2,1,1
238,3,1628.13,403.27,241.89,83.07,0.59,2,1,1
239,2,160.95,373.55,233.19,194.36,0.90,2,1,1
239,3,1634.18,406.08,244.11,87.45,0.53,2,1,1
240,2,165.59,374.31,228.20,193.83,0.90,2,1,1
241,2,170.91,375.15,231.52,192.24,0.89,2,1,1
242,2,172.90,376.22,235.43,190.99,0.89,2,1,1
243,2,173.08,376.98,236.20,191.54,0.90,2,1,1
244,2,170.28,378.61,235.81,190.90,0.90,2,1,1
245,2,157.99,382.00,236.47,192.17,0.90,2,1,1
246,2,145.91,384.50,228.30,190.45,0.90,2,1,1
246,3,1623.61,408.64,253.26,80.95,0.39,2,1,1
247,2,137.34,386.37,232.30,192.13,0.90,2,1,1
247,3,1611.47,408.46,250.00,79.58,0.50,2,1,1
248,2,127.34,391.39,232.19,195.41,0.90,2,1,1
248,3,1601.62,406.76,253.68,80.39,0.42,2,1,1
249,2,118.23,393.14,228.11,194.46,0.90,2,1,1
250,2,112.55,396.52,224.85,195.78,0.89,2,1,1
251,2,108.94,400.71,217.34,196.51,0.85,2,1,1
252,2,105.63,404.14,210.40,201.91,0.80,2,1,1
253,2,101.63,413.72,202.45,211.66,0.70,2,1,1
254,2,98.64,417.34,196.54,219.75,0.69,2,1,1
255,2,95.19,425.01,189.93,229.92,0.59,2,1,1
255,3,1542.41,395.57,261.20,74.33,0.42,2,1,1
256,2,91.89,431.06,183.54,241.61,0.38,2,1,1
257,2,89.86,428.44,179.73,234.44,0.38,2,1,1
260,2,84.86,424.45,169.73,225.34,0.36,2,1,1
260,3,1519.44,389.91,255.71,78.41,0.35,2,1,1
261,2,81.85,423.79,163.67,219.36,0.40,2,1,1
262,3,1509.36,390.43,262.54,80.94,0.46,2,1,1
262,2,79.43,412.41,158.75,199.61,0.36,2,1,1
263,2,75.48,406.52,150.96,186.41,0.49,2,1,1
264,3,1494.37,398.51,253.79,82.13,0.70,2,1,1
264,2,73.30,395.86,146.29,165.10,0.55,2,1,1
265,3,1486.51,405.32,254.49,82.78,0.67,2,1,1
265,2,72.42,391.66,144.43,155.77,0.54,2,1,1
266,3,1480.03,417.16,249.88,84.19,0.71,2,1,1
266,2,67.11,386.57,134.11,153.24,0.57,2,1,1
267,3,1474.30,422.47,251.40,79.86,0.78,2,1,1
267,2,64.22,385.80,128.39,154.61,0.54,2,1,1
268,3,1464.93,433.63,248.77,82.67,0.77,2,1,1
268,2,61.63,368.46,123.25,116.48,0.53,2,1,1
269,3,1456.03,441.65,242.98,86.78,0.46,2,1,1
269,2,59.50,370.57,118.99,128.20,0.45,2,1,1
270,3,1452.81,452.52,241.73,91.96,0.81,2,1,1
270,2,59.20,368.86,118.04,126.27,0.47,2,1,1
271,3,1452.19,464.96,237.49,94.02,0.50,2,1,1
271,2,56.35,371.10,112.03,134.69,0.43,2,1,1
272,3,1448.91,473.89,238.35,93.26,0.81,2,1,1
272,2,56.44,369.81,112.27,140.50,0.47,2,1,1
273,3,1447.33,485.22,239.35,92.99,0.79,2,1,1
273,2,56.34,369.47,112.11,146.25,0.49,2,1,1
274,3,1447.89,496.78,239.86,89.75,0.82,2,1,1
274,2,56.76,368.83,113.11,156.24,0.45,2,1,1
275,3,1446.75,510.66,237.94,87.39,0.84,2,1,1
275,2,58.43,366.87,116.47,151.12,0.42,2,1,1
276,3,1449.62,519.71,233.65,90.90,0.83,2,1,1
276,2,60.94,350.74,121.88,131.53,0.40,2,1,1
277,3,1452.71,533.57,232.86,88.96,0.84,2,1,1
278,3,1458.34,544.80,232.58,86.99,0.82,2,1,1
278,2,70.97,351.50,141.39,135.81,0.55,2,1,1
279,3,1464.74,557.24,231.44,88.32,0.85,2,1,1
279,2,76.00,348.90,151.21,132.15,0.59,2,1,1
280,3,1467.11,565.14,228.75,94.27,0.81,2,1,1
280,2,77.80,348.61,155.41,136.59,0.44,2,1,1
281,3,1470.87,570.47,228.52,93.12,0.86,2,1,1
281,2,79.26,357.05,158.53,155.48,0.47,2,1,1
282,3,1468.60,575.29,229.70,90.33,0.81,2,1,1
282,2,78.31,360.97,155.96,139.34,0.50,2,1,1
283,3,1465.67,580.12,232.87,88.86,0.81,2,1,1
283,2,80.22,360.31,160.21,149.39,0.71,2,1,1
284,3,1460.50,583.83,234.98,89.54,0.80,2,1,1
284,2,79.38,365.42,158.76,146.21,0.74,2,1,1
285,3,1454.88,589.53,233.24,91.80,0.72,2,1,1
285,2,78.70,377.34,157.40,161.87,0.67,2,1,1
286,3,1452.94,592.65,236.96,93.00,0.77,2,1,1
286,2,78.94,380.33,157.87,153.66,0.73,2,1,1
287,2,77.41,391.41,154.82,154.58,0.72,2,1,1
287,3,1445.98,595.37,238.04,93.00,0.62,2,1,1
288,2,77.16,399.20,154.31,151.66,0.73,2,1,1
288,3,1441.78,598.41,234.01,91.54,0.57,2,1,1
289,2,76.77,406.93,153.44,144.15,0.75,2,1,1
289,3,1437.68,599.91,230.94,93.11,0.59,2,1,1
290,2,76.09,414.06,152.19,146.34,0.74,2,1,1
290,3,1431.57,601.17,232.50,90.12,0.68,2,1,1
291,2,75.93,426.46,151.69,149.20,0.76,2,1,1
291,3,1428.33,604.16,228.50,91.43,0.62,2,1,1
292,2,76.65,435.03,153.31,148.44,0.80,2,1,1
292,3,1426.95,603.58,229.11,95.76,0.49,2,1,1
293,2,77.93,447.97,155.86,154.17,0.77,2,1,1
293,3,1424.73,603.40,236.27,92.06,0.44,2,1,1
294,2,77.75,455.99,154.99,150.84,0.75,2,1,1
294,3,1423.60,605.07,236.26,92.61,0.41,2,1,1
295,2,79.17,467.96,158.33,158.39,0.73,2,1,1
295,3,1420.83,606.49,235.69,90.06,0.54,2,1,1
296,2,79.83,480.66,159.66,162.48,0.61,2,1,1
296,3,1421.01,606.74,238.38,91.55,0.54,2,1,1
297,3,1419.04,606.86,234.88,90.63,0.58,2,1,1
297,2,80.20,490.92,160.40,163.87,0.44,2,1,1
298,3,1416.30,607.30,238.43,90.24,0.55,2,1,1
298,2,81.92,502.83,163.67,173.30,0.37,2,1,1
299,2,82.61,515.91,164.83,181.84,0.40,2,1,1
299,3,1415.20,607.08,235.75,88.44,0.37,2,1,1
300,2,82.60,517.09,164.93,184.17,0.48,2,1,1
300,3,1414.78,607.15,236.67,88.41,0.41,2,1,1
301,2,84.34,527.74,168.69,186.89,0.65,2,1,1
302,2,87.85,532.12,175.70,184.46,0.69,2,1,1
303,2,88.44,539.60,176.88,196.49,0.70,2,1,1
304,2,89.50,546.95,179.00,193.38,0.80,2,1,1
304,3,1407.72,607.57,236.76,87.93,0.35,2,1,1
305,2,90.77,552.39,181.54,184.27,0.88,2,1,1
306,2,91.40,554.82,182.81,180.59,0.89,2,1,1
307,2,92.86,557.86,185.72,178.36,0.89,2,1,1
308,2,94.58,559.97,188.81,176.95,0.88,2,1,1
309,2,97.58,566.77,188.63,173.57,0.89,2,1,1
310,2,101.30,568.55,189.96,170.41,0.89,2,1,1
311,2,104.03,569.77,187.03,168.61,0.89,2,1,1
312,2,106.27,569.33,184.65,168.27,0.89,2,1,1
313,2,109.65,570.28,182.85,168.56,0.89,2,1,1
314,2,113.99,570.72,182.38,166.94,0.89,2,1,1
315,2,115.54,569.72,181.80,166.73,0.89,2,1,1
316,2,118.05,567.76,182.47,165.48,0.89,2,1,1
317,2,119.05,564.91,183.32,160.22,0.89,2,1,1
318,2,122.39,559.73,185.08,159.40,0.89,2,1,1
319,2,125.40,555.16,184.32,159.92,0.89,2,1,1
320,2,127.93,550.26,184.16,156.02,0.89,2,1,1
321,2,130.24,546.76,183.61,151.27,0.90,2,1,1
322,2,131.75,540.29,182.65,157.06,0.89,2,1,1
323,2,134.47,534.96,181.46,151.95,0.88,2,1,1
324,2,138.77,530.98,182.05,148.36,0.89,2,1,1
325,2,140.88,523.75,181.18,150.30,0.88,2,1,1
326,2,144.25,519.13,182.28,147.83,0.88,2,1,1
327,2,146.83,512.52,181.42,146.93,0.88,2,1,1
328,2,150.73,507.33,182.32,142.42,0.89,2,1,1
329,2,153.44,502.69,179.95,140.67,0.90,2,1,1
330,2,158.80,497.53,180.61,142.98,0.87,2,1,1
331,2,163.37,490.02,180.00,137.29,0.87,2,1,1
332,2,167.23,485.48,176.89,140.16,0.88,2,1,1
333,2,171.80,480.22,174.33,137.94,0.88,2,1,1
334,2,177.01,478.83,173.26,135.45,0.88,2,1,1
335,2,181.81,470.66,174.34,132.39,0.87,2,1,1
336,2,185.11,462.82,173.36,135.03,0.88,2,1,1
337,2,189.41,460.60,170.37,133.70,0.88,2,1,1
338,2,193.83,456.46,167.40,131.60,0.89,2,1,1
339,2,197.12,451.33,168.31,128.72,0.88,2,1,1
340,2,201.29,448.43,168.23,127.50,0.87,2,1,1
341,2,204.95,444.74,168.44,125.75,0.87,2,1,1
342,2,208.30,437.30,165.06,125.83,0.86,2,1,1
343,2,213.65,432.14,165.65,126.28,0.85,2,1,1
344,2,220.33,427.99,168.78,123.82,0.87,2,1,1
345,2,225.05,419.06,167.40,124.23,0.84,2,1,1
346,2,227.59,416.13,162.52,124.80,0.86,2,1,1
347,2,232.34,411.13,157.26,119.31,0.84,2,1,1
348,2,236.23,401.59,161.21,124.96,0.76,2,1,1
349,2,238.80,400.23,158.72,122.62,0.75,2,1,1
350,2,243.00,394.64,157.68,119.15,0.59,2,1,1
351,2,246.13,390.36,157.34,120.61,0.74,2,1,1
352,2,248.82,382.26,155.75,119.64,0.59,2,1,1
354,2,252.06,373.47,159.27,115.75,0.67,2,1,1
355,2,253.99,365.91,157.35,119.24,0.72,2,1,1
356,2,255.04,364.09,158.18,114.86,0.48,2,1,1
357,2,259.91,357.54,153.54,116.07,0.75,2,1,1
358,2,260.71,353.27,152.66,111.35,0.80,2,1,1
359,2,260.96,349.29,149.99,113.19,0.83,2,1,1
360,2,261.30,344.84,149.36,110.34,0.80,2,1,1
361,2,262.76,335.91,150.39,113.50,0.80,2,1,1
362,2,261.73,329.95,148.99,114.59,0.83,2,1,1
363,2,260.79,327.11,150.35,114.57,0.74,2,1,1
364,2,261.10,321.73,149.89,112.41,0.53,2,1,1
365,2,260.26,319.32,151.07,112.35,0.48,2,1,1
366,2,261.90,313.84,149.87,113.40,0.43,2,1,1
367,2,263.56,307.92,149.55,115.73,0.71,2,1,1
368,2,263.61,305.36,149.16,119.80,0.49,2,1,1
369,2,264.38,302.57,145.60,113.75,0.68,2,1,1
370,2,264.14,298.01,145.65,114.19,0.78,2,1,1
371,2,264.02,296.84,148.03,110.12,0.72,2,1,1
372,2,264.31,292.09,144.90,110.42,0.71,2,1,1
373,2,265.24,289.58,144.83,108.27,0.70,2,1,1
374,2,263.92,287.44,141.74,105.56,0.77,2,1,1
375,2,264.00,286.34,139.07,105.53,0.80,2,1,1
376,2,262.54,283.85,137.70,102.95,0.77,2,1,1
377,2,262.07,284.59,137.21,100.32,0.83,2,1,1
378,2,261.50,283.18,138.23,99.21,0.80,2,1,1
379,2,260.74,281.77,136.39,98.49,0.83,2,1,1
380,2,259.70,279.54,133.28,97.01,0.81,2,1,1
381,2,258.99,279.40,132.76,96.22,0.81,2,1,1
382,2,258.49,277.34,130.20,97.79,0.82,2,1,1
383,2,257.33,275.58,129.85,95.94,0.82,2,1,1
384,2,256.84,274.52,130.05,96.52,0.81,2,1,1
385,2,256.63,274.04,127.88,96.18,0.80,2,1,1
386,2,256.91,273.75,129.60,95.97,0.82,2,1,1
387,2,256.34,271.84,129.79,99.16,0.79,2,1,1
388,2,256.13,271.34,127.67,98.40,0.76,2,1,1
389,2,255.37,270.59,128.97,97.55,0.75,2,1,1
390,2,254.92,270.70,128.33,96.48,0.78,2,1,1
391,2,254.91,271.22,126.70,94.02,0.80,2,1,1
392,2,254.63,271.45,128.48,90.92,0.74,2,1,1
393,2,253.70,271.20,126.05,92.67,0.78,2,1,1
394,2,253.34,270.29,125.08,92.82,0.80,2,1,1
395,2,251.64,267.54,126.75,93.09,0.77,2,1,1
396,2,250.31,266.86,127.03,91.57,0.76,2,1,1
397,2,249.38,264.49,124.66,90.83,0.77,2,1,1
398,2,249.83,261.99,123.91,93.53,0.68,2,1,1
399,2,254.11,261.44,123.17,97.25,0.45,2,1,1
406,2,294.02,228.10,116.49,85.95,0.43,2,1,1
407,2,294.82,222.84,121.55,87.45,0.47,2,1,1
408,2,295.11,217.68,120.89,95.91,0.66,2,1,1
409,2,294.28,217.79,118.53,90.24,0.67,2,1,1
410,2,294.06,215.48,119.59,87.84,0.64,2,1,1
411,2,294.29,214.31,117.51,87.89,0.54,2,1,1
412,2,293.75,215.41,116.55,84.55,0.59,2,1,1
413,2,294.74,214.75,114.03,84.09,0.53,2,1,1
414,2,293.01,213.75,113.18,83.17,0.47,2,1,1
415,2,292.72,213.85,113.52,83.07,0.54,2,1,1
416,2,292.40,214.11,113.14,83.99,0.56,2,1,1
417,2,291.46,214.94,116.04,84.91,0.37,2,1,1
420,2,293.57,220.94,113.31,89.00,0.45,2,1,1
422,2,291.59,233.66,110.99,95.45,0.38,2,1,1
432,2,292.73,284.47,110.24,98.92,0.43,2,1,1
433,2,293.07,286.68,111.00,92.40,0.38,2,1,1
473,2,503.51,400.55,109.06,101.40,0.42,2,1,1
477,2,537.54,403.70,111.30,103.85,0.60,2,1,1
479,2,549.87,405.31,110.47,106.09,0.38,2,1,1
480,2,559.55,404.82,107.75,108.33,0.39,2,1,1
483,2,579.64,407.43,110.92,106.29,0.61,2,1,1
485,2,591.73,412.58,105.85,101.40,0.42,2,1,1
487,2,604.80,415.34,117.35,110.75,0.41,2,1,1
488,2,613.73,416.88,106.24,107.80,0.55,2,1,1
489,2,620.48,419.71,109.54,106.31,0.68,2,1,1
490,2,628.78,420.10,112.65,112.28,0.74,2,1,1
491,2,635.57,421.40,110.10,112.49,0.75,2,1,1
492,2,640.94,425.47,107.90,109.30,0.74,2,1,1
494,2,656.98,429.61,107.02,114.01,0.51,2,1,1
495,2,662.77,432.86,103.77,114.52,0.45,2,1,1
496,2,669.72,436.25,110.93,113.61,0.42,2,1,1
497,2,677.00,439.27,114.02,113.93,0.78,2,1,1
498,2,684.46,439.37,105.44,113.19,0.48,2,1,1
499,2,690.83,443.12,104.03,122.30,0.58,2,1,1
500,2,697.50,444.47,102.71,119.30,0.77,2,1,1
501,2,704.28,447.18,101.72,119.57,0.73,2,1,1
502,2,711.12,450.13,105.37,122.43,0.67,2,1,1
503,2,715.10,452.55,109.31,122.39,0.54,2,1,1
504,2,722.00,458.54,106.01,125.33,0.37,2,1,1
505,2,727.61,465.02,110.68,123.96,0.77,2,1,1
506,2,734.11,468.30,106.73,132.34,0.75,2,1,1
507,2,739.23,471.32,104.75,132.45,0.79,2,1,1
508,2,742.29,475.14,102.53,130.01,0.80,2,1,1
509,2,751.57,479.48,104.93,134.97,0.70,2,1,1
510,2,759.88,490.19,105.08,125.88,0.82,2,1,1
511,2,770.37,491.57,104.58,129.22,0.82,2,1,1
512,2,778.51,495.53,104.79,130.71,0.85,2,1,1
513,2,789.00,497.74,104.02,129.33,0.86,2,1,1
514,2,788.97,498.39,104.54,129.20,0.86,2,1,1
515,2,797.88,505.36,104.64,135.55,0.87,2,1,1
516,2,807.06,510.32,104.38,134.61,0.87,2,1,1
517,2,825.31,520.97,103.80,135.59,0.85,2,1,1
518,2,825.54,520.08,103.42,134.72,0.84,2,1,1
519,2,832.50,521.89,105.83,136.78,0.86,2,1,1
520,2,837.43,526.12,103.82,139.73,0.83,2,1,1
521,2,839.70,533.72,101.77,142.69,0.87,2,1,1
522,2,840.11,540.90,102.12,151.91,0.87,2,1,1
523,2,840.70,545.30,102.81,147.37,0.86,2,1,1
524,2,841.80,552.34,101.34,145.42,0.85,2,1,1
525,2,842.56,557.34,101.40,148.07,0.85,2,1,1
526,2,843.71,562.38,103.93,147.10,0.84,2,1,1
527,2,845.11,567.39,103.70,149.58,0.82,2,1,1
528,2,847.27,570.64,104.19,151.79,0.85,2,1,1
529,2,849.15,576.63,103.01,150.83,0.84,2,1,1
530,2,851.49,579.28,103.20,148.68,0.85,2,1,1
531,2,855.07,584.28,104.05,152.70,0.83,2,1,1
532,2,856.55,586.90,103.07,153.64,0.84,2,1,1
533,2,858.81,592.34,103.91,152.90,0.84,2,1,1
534,2,859.14,591.46,104.00,157.05,0.84,2,1,1
535,2,865.30,595.37,103.47,157.52,0.87,2,1,1
536,2,868.80,598.35,101.48,158.20,0.88,2,1,1
537,2,876.33,605.07,100.19,153.87,0.89,2,1,1
538,2,885.57,609.04,98.65,156.87,0.89,2,1,1
539,2,892.16,612.65,101.79,157.59,0.86,2,1,1
540,2,901.36,617.20,100.18,158.66,0.86,2,1,1
541,2,910.07,621.43,100.60,156.96,0.87,2,1,1
542,2,931.60,628.07,98.15,158.46,0.90,2,1,1
543,2,943.88,630.39,100.31,160.21,0.91,2,1,1
544,2,954.95,632.54,98.86,163.61,0.89,2,1,1
545,2,967.71,635.00,97.34,164.79,0.89,2,1,1
546,2,980.50,638.36,95.36,168.43,0.88,2,1,1
547,2,993.98,639.75,98.31,170.57,0.87,2,1,1
548,2,1006.20,643.81,97.71,170.04,0.86,2,1,1
549,2,1018.25,645.98,94.90,171.95,0.89,2,1,1
550,2,1031.97,648.36,97.03,171.72,0.86,2,1,1
551,2,1045.13,649.43,96.85,173.71,0.86,2,1,1
552,2,1057.95,650.30,95.51,175.25,0.89,2,1,1
553,2,1072.73,654.85,89.37,175.08,0.87,2,1,1
554,2,1086.07,656.31,93.18,177.40,0.84,2,1,1
555,2,1101.59,658.03,93.76,175.65,0.84,2,1,1
556,2,1114.14,660.70,90.71,179.69,0.87,2,1,1
556,4,485.74,483.98,256.65,130.90,0.50,2,1,1
557,2,1129.50,661.15,89.66,179.91,0.83,2,1,1
557,4,492.95,485.45,261.06,133.52,0.62,2,1,1
558,2,1144.12,662.47,91.18,178.76,0.83,2,1,1
558,4,500.86,489.85,270.69,134.46,0.46,2,1,1
559,2,1159.84,663.14,88.09,181.10,0.87,2,1,1
559,4,512.90,493.01,272.98,136.26,0.41,2,1,1
560,2,1173.51,663.97,83.65,183.75,0.83,2,1,1
561,2,1190.79,666.44,88.09,184.31,0.81,2,1,1
562,2,1208.66,667.95,84.97,187.03,0.82,2,1,1
563,2,1226.62,670.99,82.87,192.28,0.78,2,1,1
563,4,562.03,508.74,279.95,142.52,0.35,2,1,1
564,2,1240.98,672.50,88.25,188.89,0.73,2,1,1
564,4,576.40,516.89,275.96,134.42,0.66,2,1,1
565,2,1257.71,677.07,81.78,189.76,0.81,2,1,1
565,4,586.00,517.68,282.35,142.07,0.69,2,1,1
566,2,1272.11,681.56,83.17,192.61,0.85,2,1,1
566,4,596.71,522.33,286.60,143.65,0.74,2,1,1
567,2,1287.08,685.88,82.82,194.40,0.84,2,1,1
567,4,604.16,527.65,301.50,142.09,0.77,2,1,1
568,2,1306.52,690.64,82.13,195.88,0.84,2,1,1
568,4,619.48,530.05,299.15,146.44,0.77,2,1,1
569,2,1323.81,696.46,80.86,193.31,0.85,2,1,1
569,4,635.75,534.74,298.95,146.60,0.81,2,1,1
570,4,648.86,540.10,300.12,145.04,0.83,2,1,1
570,2,1339.17,701.72,81.10,198.67,0.83,2,1,1
571,4,661.00,544.21,305.43,151.00,0.85,2,1,1
571,2,1355.24,711.65,78.72,195.23,0.84,2,1,1
572,4,671.37,550.48,319.82,150.77,0.85,2,1,1
572,2,1372.54,717.72,78.27,193.97,0.85,2,1,1
573,2,1388.11,724.55,82.12,197.37,0.79,2,1,1
573,4,680.67,554.39,327.58,156.69,0.77,2,1,1
574,2,1404.84,730.84,79.08,195.94,0.84,2,1,1
574,4,697.05,556.26,327.31,163.07,0.82,2,1,1
575,2,1420.31,738.82,79.85,194.56,0.87,2,1,1
575,4,717.35,563.87,317.67,158.08,0.83,2,1,1
576,2,1435.72,745.35,82.59,196.34,0.84,2,1,1
576,4,728.00,565.47,324.93,164.88,0.82,2,1,1
577,2,1448.46,752.97,82.20,199.37,0.86,2,1,1
577,4,735.37,568.97,337.89,168.50,0.81,2,1,1
578,2,1464.24,760.78,83.12,195.71,0.87,2,1,1
578,4,745.79,572.77,342.20,171.57,0.81,2,1,1
579,4,763.06,578.30,334.89,173.01,0.84,2,1,1
579,2,1476.45,767.81,85.15,200.54,0.84,2,1,1
580,4,775.82,583.30,338.11,175.91,0.85,2,1,1
580,2,1491.54,774.76,85.74,201.33,0.84,2,1,1
581,2,1506.81,782.44,90.10,203.76,0.86,2,1,1
581,4,790.28,585.66,332.63,184.54,0.84,2,1,1
582,2,1520.68,789.01,88.31,202.69,0.87,2,1,1
582,4,800.76,588.47,341.58,190.72,0.83,2,1,1
583,2,1534.36,795.75,92.03,202.60,0.84,2,1,1
583,4,811.88,594.01,351.09,194.37,0.80,2,1,1
584,2,1551.02,801.85,93.53,201.62,0.85,2,1,1
584,4,823.28,603.34,358.73,190.65,0.80,2,1,1
585,2,1565.17,806.77,92.34,201.89,0.87,2,1,1
585,4,845.61,608.19,349.92,193.73,0.84,2,1,1
586,4,858.59,615.59,361.14,192.60,0.85,2,1,1
586,2,1580.92,812.00,94.05,205.88,0.79,2,1,1
587,4,875.86,620.91,358.45,196.94,0.88,2,1,1
587,2,1598.16,818.99,97.87,206.23,0.73,2,1,1
588,2,1613.36,824.84,95.05,207.51,0.87,2,1,1
588,4,886.98,628.55,372.51,199.75,0.85,2,1,1
589,4,903.86,635.42,377.31,198.65,0.85,2,1,1
589,2,1630.30,832.54,97.43,207.92,0.81,2,1,1
590,2,1647.63,839.91,99.13,205.91,0.86,2,1,1
590,4,925.71,642.91,377.91,200.62,0.85,2,1,1
591,2,1665.07,846.63,100.22,203.59,0.87,2,1,1
591,4,943.59,648.89,377.99,205.07,0.86,2,1,1
592,4,965.82,657.91,376.71,203.35,0.88,2,1,1
592,2,1681.48,853.76,102.52,202.68,0.85,2,1,1
593,4,985.40,663.31,372.70,203.13,0.89,2,1,1
593,2,1697.54,861.44,104.54,199.02,0.83,2,1,1
594,4,1003.64,668.10,382.28,209.37,0.89,2,1,1
594,2,1715.63,870.37,102.63,207.62,0.78,2,1,1
595,4,1022.08,676.94,386.64,204.55,0.89,2,1,1
595,2,1729.81,876.66,108.65,206.71,0.81,2,1,1
596,4,1042.40,683.20,383.91,209.14,0.88,2,1,1
596,2,1744.54,883.36,105.74,205.09,0.73,2,1,1
597,4,1060.89,688.97,389.19,212.69,0.88,2,1,1
597,2,1758.62,890.52,109.37,205.15,0.82,2,1,1
598,4,1073.86,695.05,396.09,212.91,0.88,2,1,1
598,2,1773.74,898.47,107.61,205.96,0.82,2,1,1
599,4,1100.66,701.95,394.33,214.89,0.89,2,1,1
599,2,1788.54,904.75,108.37,201.80,0.83,2,1,1
599,5,79.70,683.64,159.40,143.69,0.49,2,1,1
600,4,1122.61,709.99,392.38,213.37,0.90,2,1,1
600,2,1803.25,913.58,109.01,202.61,0.72,2,1,1
600,5,85.94,705.53,171.89,177.68,0.45,2,1,1
601,4,1143.60,717.08,397.41,219.82,0.91,2,1,1
601,2,1820.54,920.27,105.48,201.95,0.74,2,1,1
601,5,92.75,702.65,185.50,168.54,0.59,2,1,1
602,4,1163.79,722.25,400.07,219.01,0.91,2,1,1
602,2,1836.61,927.50,114.19,204.60,0.82,2,1,1
602,5,100.41,703.85,200.81,154.24,0.77,2,1,1
603,4,1188.21,730.63,398.84,217.24,0.90,2,1,1
603,2,1853.07,932.50,115.72,202.14,0.83,2,1,1
603,5,108.27,702.44,216.38,153.82,0.78,2,1,1
604,4,1212.20,735.84,399.92,220.97,0.90,2,1,1
604,2,1868.18,939.41,103.37,198.61,0.79,2,1,1
604,5,114.24,709.15,228.49,136.20,0.68,2,1,1
605,4,1236.90,741.82,400.27,220.63,0.90,2,1,1
605,5,126.92,721.05,253.85,160.09,0.63,2,1,1
605,2,1877.58,958.37,84.85,226.52,0.44,2,1,1
606,4,1260.90,750.19,399.53,218.15,0.90,2,1,1
606,5,136.51,744.16,273.01,201.84,0.72,2,1,1
607,4,1286.63,754.91,400.56,224.24,0.90,2,1,1
607,5,149.43,746.67,298.87,203.10,0.79,2,1,1
607,2,1894.41,955.48,51.19,196.62,0.38,2,1,1
608,4,1311.63,762.37,402.53,223.65,0.91,2,1,1
608,5,161.60,749.40,323.20,211.58,0.75,2,1,1
609,4,1339.45,767.96,398.75,226.64,0.90,2,1,1
609,5,170.90,762.19,341.79,209.42,0.68,2,1,1
610,4,1362.09,771.63,400.28,226.78,0.91,2,1,1
610,5,181.04,786.53,360.33,254.38,0.72,2,1,1
611,4,1388.24,779.22,395.72,222.50,0.91,2,1,1
611,5,192.42,812.38,384.40,275.96,0.46,2,1,1
612,4,1388.23,779.22,395.71,222.50,0.91,2,1,1
612,5,192.43,812.41,384.41,276.04,0.46,2,1,1
612,5,191.91,866.28,382.88,399.95,0.36,2,1,1
613,4,1414.58,782.01,394.99,222.77,0.92,2,1,1
613,5,205.31,868.46,409.50,404.02,0.50,2,1,1
614,4,1438.26,785.88,399.94,219.37,0.91,2,1,1
614,5,219.64,872.92,438.97,392.25,0.74,2,1,1
615,4,1462.30,788.91,404.17,220.09,0.91,2,1,1
615,5,227.68,881.17,455.36,375.60,0.80,2,1,1
615,6,1155.35,491.89,92.56,95.71,0.40,2,1,1
616,4,1486.22,790.66,402.21,216.17,0.90,2,1,1
616,5,244.27,877.63,488.54,381.77,0.73,2,1,1
617,4,1513.73,793.66,400.96,220.63,0.89,2,1,1
617,5,259.29,884.88,518.58,386.32,0.67,2,1,1
617,6,1202.05,495.85,89.65,97.51,0.40,2,1,1
618,4,1538.28,795.10,398.62,216.09,0.88,2,1,1
618,5,268.97,889.97,537.95,377.26,0.76,2,1,1
619,4,1558.46,794.76,404.57,219.86,0.89,2,1,1
619,5,288.74,886.04,577.48,374.32,0.85,2,1,1
619,6,1246.50,497.00,91.32,93.05,0.51,2,1,1
620,4,1587.46,796.28,392.04,213.91,0.87,2,1,1
620,5,312.12,889.71,577.25,370.03,0.86,2,1,1
620,6,1265.29,497.10,93.49,95.06,0.44,2,1,1
621,4,1609.59,797.92,393.06,216.96,0.90,2,1,1
621,5,338.88,895.61,580.16,362.28,0.87,2,1,1
621,6,1287.41,499.71,96.09,96.11,0.50,2,1,1
622,5,356.66,902.89,579.38,349.13,0.90,2,1,1
622,4,1634.53,800.82,388.41,210.69,0.90,2,1,1
623,4,1661.26,800.20,389.78,214.09,0.88,2,1,1
623,5,380.52,897.94,597.79,357.02,0.84,2,1,1
623,6,1331.88,502.19,103.45,97.11,0.40,2,1,1
624,4,1682.83,803.06,382.06,209.50,0.90,2,1,1
624,5,404.52,901.78,629.07,355.13,0.56,2,1,1
625,5,464.14,909.29,572.51,338.93,0.92,2,1,1
625,4,1706.69,804.06,375.32,206.83,0.89,2,1,1
625,6,1377.83,503.06,102.85,94.39,0.53,2,1,1
626,5,502.47,911.01,543.72,335.75,0.90,2,1,1
626,4,1724.72,803.67,380.59,208.00,0.89,2,1,1
626,6,1395.65,506.03,98.53,96.40,0.42,2,1,1
627,5,538.48,917.54,527.02,322.30,0.91,2,1,1
627,4,1744.38,805.81,351.23,204.78,0.83,2,1,1
627,6,1416.94,504.15,102.83,96.54,0.53,2,1,1
628,4,1759.34,805.50,321.32,209.22,0.86,2,1,1
628,5,600.79,919.93,522.93,316.33,0.85,2,1,1
628,6,1453.48,507.03,110.38,97.43,0.42,2,1,1
629,5,644.30,921.29,472.93,313.14,0.90,2,1,1
629,4,1772.85,809.41,294.29,210.65,0.86,2,1,1
629,6,1464.51,509.74,100.35,103.62,0.46,2,1,1
630,5,654.08,928.21,452.39,297.29,0.90,2,1,1
630,4,1777.04,823.13,285.92,219.20,0.72,2,1,1
631,5,647.76,924.86,467.74,306.11,0.89,2,1,1
631,4,1770.44,842.56,299.11,227.08,0.77,2,1,1
632,5,650.18,931.04,478.76,293.47,0.88,2,1,1
632,4,1763.49,866.61,313.03,226.15,0.86,2,1,1
633,5,649.61,932.60,492.28,290.61,0.80,2,1,1
633,4,1755.21,896.65,303.16,205.48,0.70,2,1,1
634,4,1727.48,910.14,317.43,228.68,0.71,2,1,1
634,5,652.82,930.22,508.40,294.80,0.50,2,1,1
635,4,1735.73,944.03,257.35,210.47,0.63,2,1,1
636,4,1727.99,971.26,239.55,197.52,0.61,2,1,1
639,5,567.35,983.33,352.85,187.18,0.51,2,1,1
640,5,565.22,984.20,343.51,186.38,0.57,2,1,1
641,5,566.32,984.98,343.84,184.82,0.54,2,1,1
642,5,589.92,970.08,392.24,215.30,0.35,2,1,1
646,5,673.32,957.73,336.33,240.52,0.38,2,1,1
650,6,1337.73,662.01,82.17,108.37,0.75,2,1,1
651,6,1340.09,658.10,87.05,104.58,0.63,2,1,1
652,6,1342.49,657.73,85.61,109.83,0.71,2,1,1
653,6,1344.94,655.28,92.04,106.30,0.68,2,1,1
654,6,1348.24,651.11,86.26,110.11,0.69,2,1,1
655,6,1349.66,647.10,88.71,110.09,0.70,2,1,1
656,6,1354.53,643.74,97.50,112.45,0.44,2,1,1
657,6,1365.38,633.10,98.36,107.23,0.45,2,1,1
658,6,1384.82,626.50,87.06,109.16,0.61,2,1,1
659,6,1409.81,608.66,101.63,107.65,0.53,2,1,1
660,6,1430.79,597.86,98.27,104.93,0.68,2,1,1
661,6,1430.13,597.74,98.67,104.58,0.70,2,1,1
662,4,1796.76,902.18,246.49,177.83,0.56,2,1,1
662,6,1449.38,588.72,89.98,101.83,0.40,2,1,1
663,4,1788.81,878.68,262.38,191.97,0.75,2,1,1
663,6,1464.22,584.25,116.67,115.93,0.62,2,1,1
664,6,1484.56,570.81,96.53,106.76,0.36,2,1,1
665,4,1810.85,848.76,218.29,184.44,0.64,2,1,1
666,4,1518.93,549.28,111.44,101.94,0.57,2,1,1
668,4,1835.87,781.01,168.27,120.16,0.67,2,1,1
669,4,1848.81,765.03,142.38,104.70,0.61,2,1,1
670,6,1579.74,518.93,113.80,94.00,0.69,2,1,1
670,4,1856.24,751.18,127.28,95.07,0.44,2,1,1
671,6,1609.57,512.16,122.51,98.54,0.63,2,1,1
672,6,1623.24,510.62,120.40,98.10,0.75,2,1,1
673,6,1637.56,510.94,119.31,94.36,0.64,2,1,1
674,6,1649.88,512.35,123.56,95.67,0.50,2,1,1
675,6,1663.96,514.77,125.27,95.60,0.82,2,1,1
676,6,1670.53,519.28,120.65,90.42,0.76,2,1,1
677,6,1685.66,528.41,117.15,93.36,0.72,2,1,1
