1,-1,412.81,834.86,141.40,92.98,0.49,3,1,1
2,-1,413.02,834.84,141.69,92.89,0.46,3,1,1
3,-1,412.61,833.31,139.88,92.17,0.33,3,1,1
16,-1,462.02,810.09,133.15,98.20,0.27,3,1,1
27,-1,1349.11,1040.78,111.88,77.03,0.26,3,1,1
28,-1,1349.55,1034.42,114.14,83.61,0.41,3,1,1
29,-1,1354.88,1034.43,109.34,84.30,0.49,3,1,1
30,-1,1355.10,1031.78,109.72,80.67,0.60,3,1,1
31,-1,1367.54,1033.03,108.49,82.18,0.49,3,1,1
32,-1,1367.53,1033.04,108.53,82.18,0.48,3,1,1
33,-1,1369.07,1030.60,108.57,84.31,0.46,3,1,1
34,-1,1373.83,1030.19,111.09,83.74,0.42,3,1,1
35,-1,1378.15,1030.55,107.77,80.25,0.51,3,1,1
36,-1,1381.59,1030.33,106.41,82.78,0.26,3,1,1
39,-1,505.29,776.06,141.99,97.99,0.28,2,1,1
39,-1,1397.45,1032.31,107.81,81.39,0.27,3,1,1
41,-1,511.93,776.13,139.72,100.89,0.45,3,1,1
42,-1,514.03,774.77,140.90,98.74,0.46,3,1,1
43,-1,516.90,773.84,144.86,96.87,0.47,3,1,1
43,-1,1413.06,1038.19,109.60,79.59,0.34,3,1,1
44,-1,516.89,773.78,144.87,96.88,0.46,3,1,1
44,-1,1413.03,1038.19,109.54,79.56,0.35,3,1,1
45,-1,1416.44,1040.37,111.75,79.26,0.49,3,1,1
45,-1,516.90,771.08,145.36,101.21,0.45,3,1,1
46,-1,522.10,779.06,145.20,101.57,0.45,3,1,1
46,-1,1422.21,1043.33,112.21,73.34,0.32,3,1,1
47,-1,528.29,781.03,149.80,110.97,0.30,3,1,1
49,-1,533.96,783.98,149.40,105.18,0.45,3,1,1
50,-1,533.96,784.40,149.35,105.49,0.47,3,1,1
51,-1,526.52,778.16,149.77,105.45,0.32,3,1,1
52,-1,532.03,777.59,151.07,108.72,0.50,3,1,1
53,-1,531.38,778.52,149.98,108.70,0.33,3,1,1
54,-1,533.35,778.75,148.22,109.87,0.36,3,1,1
54,-1,1444.72,1044.10,104.57,71.81,0.33,2,1,1
55,-1,538.89,780.67,155.19,108.04,0.39,3,1,1
56,-1,539.01,780.66,155.46,108.06,0.38,3,1,1
57,-1,542.19,781.70,154.70,113.63,0.55,3,1,1
58,-1,553.91,781.26,155.88,105.64,0.67,3,1,1
59,-1,558.14,784.47,160.18,107.19,0.69,3,1,1
60,-1,558.27,781.66,159.84,106.99,0.59,3,1,1
61,-1,565.38,787.41,155.05,106.62,0.75,3,1,1
62,-1,565.36,787.44,155.02,106.72,0.75,3,1,1
63,-1,570.71,789.96,158.91,110.49,0.79,3,1,1
64,-1,577.28,795.06,158.98,107.27,0.71,3,1,1
65,-1,579.87,797.59,161.68,113.81,0.67,3,1,1
66,-1,581.72,800.58,159.96,109.63,0.52,3,1,1
67,-1,594.44,812.33,166.36,122.21,0.64,3,1,1
67,-1,594.44,812.30,165.72,121.87,0.28,2,1,1
68,-1,594.20,812.57,165.81,122.66,0.65,3,1,1
68,-1,594.23,812.48,165.23,122.19,0.30,2,1,1
69,-1,595.87,816.13,163.04,114.99,0.38,2,1,1
69,-1,595.35,816.53,163.81,113.43,0.34,3,1,1
70,-1,596.70,819.57,165.79,117.56,0.43,3,1,1
70,-1,597.00,819.36,165.40,119.44,0.43,2,1,1
71,-1,600.09,825.27,165.08,123.91,0.42,2,1,1
72,-1,601.20,827.29,169.32,122.96,0.47,2,1,1
72,-1,600.90,827.03,168.88,122.58,0.35,3,1,1
73,-1,600.17,834.01,171.10,116.21,0.59,2,1,1
74,-1,600.34,833.97,171.38,116.13,0.62,2,1,1
75,-1,599.68,835.15,172.84,117.45,0.51,2,1,1
75,-1,599.37,835.16,172.59,117.76,0.43,3,1,1
75,-1,1564.90,1045.43,102.99,69.15,0.30,2,1,1
76,-1,600.18,841.06,172.22,123.88,0.78,3,1,1
77,-1,598.28,842.12,175.28,119.49,0.76,3,1,1
78,-1,596.70,845.56,177.43,122.68,0.77,3,1,1
79,-1,592.96,853.18,173.33,126.95,0.51,3,1,1
80,-1,592.97,853.08,173.24,126.79,0.51,3,1,1
81,-1,593.10,855.52,174.63,125.82,0.55,3,1,1
82,-1,589.70,856.54,176.84,127.41,0.48,3,1,1
83,-1,589.34,858.83,177.33,129.97,0.66,3,1,1
84,-1,590.66,861.87,177.22,129.30,0.54,3,1,1
85,-1,593.30,865.95,179.62,130.09,0.71,3,1,1
86,-1,593.26,865.90,179.46,130.02,0.72,3,1,1
87,-1,594.42,869.06,184.58,134.39,0.75,3,1,1
88,-1,595.13,871.89,184.98,135.98,0.65,3,1,1
88,-1,703.30,412.71,151.22,82.48,0.32,3,1,1
89,-1,594.77,877.84,186.50,138.91,0.77,3,1,1
90,-1,591.05,878.92,187.28,139.41,0.33,3,1,1
91,-1,587.38,885.41,195.13,136.80,0.53,3,1,1
92,-1,587.40,885.33,195.10,136.62,0.53,3,1,1
93,-1,583.85,888.37,198.76,135.12,0.51,3,1,1
93,-1,582.89,886.84,196.21,132.56,0.31,2,1,1
94,-1,582.63,889.36,192.12,138.19,0.78,2,1,1
95,-1,581.14,893.79,192.73,142.42,0.50,2,1,1
96,-1,573.13,894.11,197.06,135.84,0.27,2,1,1
101,-1,551.15,907.17,206.13,142.46,0.27,2,1,1
103,-1,526.97,913.17,209.06,136.28,0.34,2,1,1
104,-1,517.10,910.92,191.03,131.81,0.34,2,1,1
106,-1,555.71,372.64,160.23,89.28,0.29,3,1,1
108,-1,490.48,937.59,218.02,161.79,0.63,3,1,1
108,-1,534.43,365.98,164.25,91.84,0.28,3,1,1
109,-1,477.02,952.89,225.52,174.52,0.68,3,1,1
110,-1,476.82,953.01,225.20,174.78,0.68,3,1,1
111,-1,473.12,959.59,225.50,180.24,0.69,3,1,1
111,-1,508.59,363.01,169.00,91.13,0.41,3,1,1
112,-1,460.33,966.44,225.48,190.37,0.42,3,1,1
112,-1,763.84,688.13,103.13,62.03,0.34,3,1,1
114,-1,748.71,686.03,102.48,61.93,0.46,3,1,1
115,-1,425.63,987.07,226.97,182.98,0.79,3,1,1
116,-1,425.64,987.05,226.92,182.88,0.79,3,1,1
117,-1,416.27,989.20,231.02,181.35,0.80,3,1,1
118,-1,411.01,991.12,232.08,177.76,0.76,3,1,1
119,-1,402.17,994.64,235.05,170.72,0.77,3,1,1
120,-1,394.37,999.36,238.04,161.28,0.58,3,1,1
121,-1,388.43,1005.76,239.51,148.48,0.35,3,1,1
121,-1,446.61,343.35,169.93,99.58,0.34,3,1,1
121,-1,388.84,1005.46,240.32,149.08,0.26,0,1,1
122,-1,388.40,1005.74,239.43,148.52,0.36,3,1,1
122,-1,446.60,343.39,169.92,99.58,0.31,3,1,1
123,-1,446.63,343.62,170.58,100.96,0.48,3,1,1
123,-1,382.20,1008.72,232.40,142.56,0.35,3,1,1
124,-1,447.73,343.55,171.64,101.33,0.44,3,1,1
124,-1,716.72,719.96,105.71,66.96,0.26,3,1,1
125,-1,454.43,343.54,175.29,102.33,0.42,3,1,1
125,-1,354.60,1018.46,172.82,123.08,0.37,3,1,1
125,-1,354.61,1018.25,172.51,123.51,0.26,0,1,1
126,-1,463.28,343.41,175.07,101.32,0.59,3,1,1
126,-1,744.04,734.52,106.16,67.35,0.40,3,1,1
126,-1,360.54,1022.71,176.28,114.58,0.36,3,1,1
126,-1,361.04,1022.24,177.27,115.51,0.30,0,1,1
127,-1,483.44,348.41,176.52,102.17,0.56,3,1,1
127,-1,381.72,1033.45,165.48,93.09,0.26,0,1,1
128,-1,483.57,348.43,176.25,102.07,0.55,3,1,1
128,-1,381.73,1033.44,165.35,93.11,0.26,0,1,1
129,-1,497.13,350.29,178.64,101.58,0.55,3,1,1
129,-1,402.16,1038.69,155.24,82.61,0.49,3,1,1
129,-1,399.52,1038.65,158.10,82.70,0.30,2,1,1
130,-1,510.69,354.01,177.13,107.53,0.46,3,1,1
130,-1,416.38,1044.68,150.01,70.64,0.43,3,1,1
130,-1,804.17,770.36,94.40,67.39,0.37,3,1,1
130,-1,417.04,1044.45,152.15,71.11,0.27,0,1,1
131,-1,527.10,357.39,179.44,109.94,0.61,3,1,1
131,-1,820.36,779.84,96.35,66.48,0.48,3,1,1
131,-1,435.94,1049.51,143.18,60.98,0.30,0,1,1
132,-1,539.69,359.91,182.09,108.43,0.61,3,1,1
132,-1,837.22,790.54,110.45,68.98,0.29,3,1,1
133,-1,872.11,815.48,88.71,70.02,0.58,3,1,1
133,-1,574.72,366.78,183.91,108.01,0.45,3,1,1
134,-1,872.14,815.48,88.54,70.00,0.57,3,1,1
134,-1,574.72,366.74,183.90,108.15,0.45,3,1,1
135,-1,592.46,372.58,188.42,114.17,0.61,3,1,1
136,-1,610.93,376.80,187.09,108.96,0.40,3,1,1
136,-1,911.09,837.92,91.52,72.17,0.30,3,1,1
137,-1,626.86,380.32,190.23,113.27,0.46,3,1,1
137,-1,935.84,848.85,103.74,74.08,0.39,3,1,1
138,-1,647.06,385.93,189.99,116.38,0.56,3,1,1
138,-1,956.31,863.31,103.35,74.75,0.42,3,1,1
139,-1,690.86,397.98,190.34,117.61,0.62,3,1,1
140,-1,690.92,398.00,190.41,117.72,0.61,3,1,1
141,-1,712.98,402.67,193.46,116.94,0.52,3,1,1
142,-1,735.22,408.07,198.86,116.58,0.56,3,1,1
143,-1,760.17,415.20,192.59,119.21,0.60,2,1,1
143,-1,760.52,415.70,195.78,117.85,0.38,3,1,1
144,-1,783.26,423.19,196.08,119.86,0.77,3,1,1
145,-1,831.18,435.72,204.21,123.10,0.43,3,1,1
146,-1,831.19,435.68,204.35,123.35,0.43,3,1,1
147,-1,854.33,442.95,197.13,123.19,0.76,2,1,1
147,-1,854.49,443.44,198.18,123.80,0.52,3,1,1
148,-1,874.17,452.67,200.82,124.44,0.44,3,1,1
148,-1,1204.11,1015.16,111.69,83.74,0.29,2,1,1
149,-1,898.04,459.42,201.25,128.24,0.44,3,1,1
149,-1,898.48,460.19,201.50,128.47,0.29,2,1,1
150,-1,918.81,469.91,204.60,130.09,0.61,3,1,1
151,-1,959.44,485.60,206.39,132.32,0.68,3,1,1
152,-1,959.50,485.57,206.49,132.32,0.68,3,1,1
153,-1,415.98,492.38,91.44,55.97,0.46,3,1,1
153,-1,976.22,493.05,206.57,135.10,0.45,3,1,1
154,-1,817.69,750.76,66.64,64.55,0.56,2,1,1
154,-1,997.32,502.69,206.94,133.59,0.51,3,1,1
154,-1,434.93,498.91,93.72,59.78,0.27,3,1,1
155,-1,1013.98,511.05,208.34,135.89,0.56,3,1,1
155,-1,445.83,503.76,87.60,57.37,0.42,3,1,1
155,-1,833.22,759.54,72.94,61.99,0.41,2,1,1
156,-1,1028.93,516.29,208.67,136.47,0.45,3,1,1
156,-1,461.19,508.89,89.96,57.11,0.44,3,1,1
157,-1,1061.58,531.28,211.47,138.22,0.67,3,1,1
157,-1,879.16,786.74,71.89,63.49,0.33,2,1,1
157,-1,484.03,518.30,91.72,60.94,0.33,3,1,1
158,-1,1061.60,531.35,211.57,138.38,0.67,3,1,1
158,-1,483.96,518.25,91.81,60.86,0.35,3,1,1
158,-1,879.15,786.89,71.92,63.59,0.31,2,1,1
159,-1,1075.97,537.92,211.45,145.67,0.65,3,1,1
159,-1,498.41,523.34,92.80,60.13,0.60,3,1,1
160,-1,509.52,528.88,88.35,61.54,0.76,3,1,1
160,-1,909.06,802.43,76.10,63.76,0.60,2,1,1
160,-1,1090.97,545.04,210.46,144.10,0.50,3,1,1
161,-1,518.99,533.95,91.13,58.25,0.78,3,1,1
161,-1,921.66,810.19,75.71,64.53,0.67,2,1,1
161,-1,1104.31,550.56,213.24,147.02,0.62,3,1,1
162,-1,527.98,538.53,92.19,59.00,0.65,3,1,1
162,-1,1114.85,556.11,216.28,143.85,0.44,3,1,1
163,-1,545.02,547.51,92.05,60.55,0.48,3,1,1
163,-1,960.14,831.63,88.91,68.92,0.32,2,1,1
164,-1,544.91,547.49,92.09,60.54,0.47,3,1,1
164,-1,959.99,831.77,88.82,68.98,0.29,2,1,1
165,-1,553.86,551.82,92.21,61.20,0.67,3,1,1
166,-1,560.90,555.80,91.31,60.08,0.62,3,1,1
166,-1,1158.63,576.82,223.81,154.92,0.38,3,1,1
167,-1,567.21,560.70,93.05,57.65,0.48,3,1,1
167,-1,1166.26,580.51,222.81,157.43,0.40,3,1,1
167,-1,986.23,852.98,82.16,67.89,0.28,2,1,1
168,-1,573.72,563.54,93.87,59.01,0.36,3,1,1
168,-1,1174.15,583.63,223.81,159.39,0.31,3,1,1
169,-1,583.66,570.10,93.76,61.16,0.40,3,1,1
170,-1,583.66,570.09,93.74,61.15,0.40,3,1,1
171,-1,587.97,573.44,94.75,60.42,0.35,3,1,1
172,-1,592.64,576.13,98.47,63.06,0.43,3,1,1
173,-1,1209.67,619.59,226.57,207.98,0.49,3,1,1
173,-1,595.92,579.44,97.41,63.54,0.40,3,1,1
173,-1,1031.58,887.67,89.44,76.15,0.26,2,1,1
173,-1,596.32,579.08,98.94,63.49,0.25,2,1,1
174,-1,598.01,583.01,96.07,61.78,0.48,3,1,1
174,-1,1215.47,623.01,229.95,209.60,0.32,3,1,1
175,-1,600.51,589.11,95.84,62.10,0.60,3,1,1
175,-1,1047.31,900.43,90.46,75.28,0.43,2,1,1
176,-1,600.61,589.12,95.98,62.13,0.61,3,1,1
176,-1,1047.34,900.38,90.49,75.14,0.44,2,1,1
177,-1,601.88,592.32,97.74,65.60,0.58,3,1,1
177,-1,1232.02,630.02,242.90,217.02,0.27,3,1,1
178,-1,602.42,594.69,98.20,65.89,0.59,3,1,1
178,-1,1235.74,633.56,247.21,223.55,0.33,3,1,1
179,-1,602.44,596.95,98.29,66.59,0.62,3,1,1
179,-1,1236.52,635.90,244.28,226.82,0.35,3,1,1
180,-1,602.61,599.08,97.47,68.01,0.65,3,1,1
180,-1,1238.56,633.53,246.81,221.10,0.37,3,1,1
181,-1,599.67,602.53,99.06,68.03,0.68,3,1,1
181,-1,1240.24,637.76,248.00,228.61,0.55,3,1,1
182,-1,599.66,602.56,99.06,67.97,0.69,3,1,1
182,-1,1240.35,638.10,247.92,229.23,0.57,3,1,1
183,-1,597.71,604.01,100.07,68.17,0.69,3,1,1
183,-1,1240.91,636.11,248.10,225.89,0.50,3,1,1
184,-1,595.72,606.47,98.46,64.65,0.80,3,1,1
184,-1,1236.10,639.69,242.40,232.76,0.55,3,1,1
184,-1,1073.29,933.76,102.02,81.62,0.30,2,1,1
185,-1,593.37,608.85,98.23,64.77,0.79,3,1,1
185,-1,1237.68,643.60,244.98,239.91,0.74,3,1,1
186,-1,587.70,612.38,99.08,65.78,0.80,3,1,1
186,-1,1234.85,642.02,248.48,237.02,0.61,3,1,1
187,-1,575.78,615.45,98.54,65.82,0.81,3,1,1
187,-1,1235.48,643.33,262.39,235.76,0.41,3,1,1
188,-1,575.85,615.41,98.64,65.81,0.81,3,1,1
188,-1,1235.57,643.22,262.61,235.53,0.40,3,1,1
189,-1,572.13,617.45,98.68,66.65,0.78,3,1,1
189,-1,1236.21,638.28,269.13,226.67,0.36,3,1,1
190,-1,567.28,619.89,102.96,67.49,0.79,3,1,1
190,-1,1235.86,636.10,273.84,222.86,0.40,3,1,1
191,-1,561.46,622.11,99.84,66.29,0.75,3,1,1
191,-1,1058.26,958.30,108.31,84.52,0.48,2,1,1
191,-1,1231.61,636.13,275.98,223.50,0.32,3,1,1
192,-1,556.28,623.15,97.19,68.22,0.79,3,1,1
192,-1,1057.60,961.75,111.49,86.07,0.48,2,1,1
192,-1,1230.22,636.88,279.34,228.19,0.46,3,1,1
193,-1,543.10,626.19,100.30,69.17,0.82,3,1,1
193,-1,1223.37,641.91,282.20,238.77,0.58,3,1,1
194,-1,543.09,626.20,100.24,69.06,0.82,3,1,1
194,-1,1223.49,641.85,282.43,238.66,0.59,3,1,1
194,-1,1051.97,970.47,110.76,90.26,0.26,2,1,1
195,-1,534.66,627.26,97.99,70.24,0.69,3,1,1
195,-1,280.36,753.64,126.61,63.26,0.33,3,1,1
195,-1,1217.62,642.18,283.96,238.84,0.32,3,1,1
196,-1,530.24,628.63,98.66,71.44,0.74,3,1,1
196,-1,1217.18,645.32,290.51,245.09,0.42,3,1,1
196,-1,275.14,759.19,125.39,71.62,0.29,3,1,1
197,-1,525.50,629.67,98.13,72.30,0.78,3,1,1
197,-1,1216.46,647.11,292.53,251.00,0.58,3,1,1
197,-1,1057.00,982.51,134.63,94.47,0.27,2,1,1
198,-1,522.64,631.33,100.01,71.24,0.76,3,1,1
198,-1,1210.78,648.78,292.08,250.98,0.61,3,1,1
199,-1,517.01,633.86,106.17,71.56,0.78,3,1,1
199,-1,1211.65,648.33,293.88,248.03,0.77,3,1,1
199,-1,255.02,767.77,126.23,65.08,0.32,3,1,1
200,-1,516.97,633.80,106.13,71.46,0.77,3,1,1
200,-1,1211.63,647.96,293.89,247.12,0.77,3,1,1
200,-1,255.03,767.81,126.15,65.09,0.32,3,1,1
201,-1,1212.21,645.93,292.53,240.98,0.80,3,1,1
201,-1,513.35,635.51,102.45,73.92,0.77,3,1,1
201,-1,251.88,769.32,125.55,67.53,0.29,3,1,1
202,-1,511.39,637.21,97.89,71.48,0.83,3,1,1
202,-1,1212.78,653.48,295.70,256.20,0.80,3,1,1
203,-1,511.73,637.95,98.07,71.65,0.83,3,1,1
203,-1,1214.08,653.04,299.51,253.68,0.79,3,1,1
203,-1,246.23,777.20,133.61,78.81,0.30,3,1,1
204,-1,511.88,639.33,100.36,72.95,0.81,3,1,1
204,-1,1218.68,653.69,301.00,254.26,0.74,3,1,1
204,-1,245.70,778.63,134.82,79.85,0.34,3,1,1
205,-1,1230.72,681.32,307.20,307.42,0.74,3,1,1
205,-1,516.14,642.91,104.98,71.77,0.70,3,1,1
205,-1,247.43,785.38,137.38,82.14,0.28,3,1,1
206,-1,1231.10,681.37,306.24,307.46,0.74,3,1,1
206,-1,516.13,642.88,105.08,71.70,0.70,3,1,1
206,-1,247.45,785.47,137.39,82.22,0.28,3,1,1
207,-1,519.56,644.51,105.10,73.46,0.71,3,1,1
207,-1,1236.71,680.86,306.62,304.26,0.64,3,1,1
207,-1,250.14,785.29,132.51,70.00,0.52,3,1,1
208,-1,523.50,645.34,104.45,75.20,0.73,3,1,1
208,-1,1244.62,688.23,308.90,311.44,0.66,3,1,1
208,-1,253.88,787.96,131.10,69.64,0.58,3,1,1
208,-1,1083.83,1034.85,123.06,90.31,0.32,2,1,1
209,-1,528.61,647.30,101.86,73.96,0.75,3,1,1
209,-1,258.08,793.01,132.23,74.91,0.41,3,1,1
209,-1,1253.50,691.62,312.16,314.82,0.30,3,1,1
210,-1,1264.63,693.26,316.66,316.33,0.76,3,1,1
210,-1,533.30,648.58,101.90,74.34,0.73,3,1,1
210,-1,262.33,795.92,133.51,78.87,0.47,3,1,1
211,-1,548.01,651.09,103.86,78.61,0.81,3,1,1
211,-1,1285.08,699.74,315.75,323.36,0.78,3,1,1
211,-1,271.70,799.33,136.26,74.66,0.53,3,1,1
212,-1,548.06,651.09,104.00,78.57,0.80,3,1,1
212,-1,1285.00,699.83,315.89,323.80,0.78,3,1,1
212,-1,271.64,799.42,136.36,74.73,0.53,3,1,1
213,-1,555.82,652.16,103.00,76.67,0.83,3,1,1
213,-1,1297.49,687.38,318.77,291.42,0.72,3,1,1
213,-1,280.98,799.34,132.33,72.76,0.48,3,1,1
214,-1,566.86,653.90,102.66,77.82,0.81,3,1,1
214,-1,1309.08,681.09,321.79,276.05,0.74,3,1,1
214,-1,1135.28,1050.10,96.35,59.81,0.49,2,1,1
214,-1,288.00,800.80,134.08,74.75,0.37,3,1,1
215,-1,576.22,654.39,102.71,78.42,0.81,3,1,1
215,-1,1324.17,687.13,323.93,284.55,0.59,3,1,1
216,-1,589.30,656.12,104.86,78.40,0.84,3,1,1
217,-1,613.74,656.72,107.79,77.64,0.83,3,1,1
217,-1,1370.31,728.35,327.02,352.87,0.80,3,1,1
217,-1,327.16,807.15,139.75,78.00,0.39,3,1,1
218,-1,613.74,656.68,107.84,77.68,0.83,3,1,1
218,-1,1370.40,728.39,327.07,352.95,0.81,3,1,1
218,-1,327.21,807.20,139.81,78.02,0.37,3,1,1
219,-1,624.24,659.20,105.91,79.36,0.81,3,1,1
219,-1,338.59,808.79,141.56,72.97,0.42,3,1,1
219,-1,1386.62,681.53,319.92,248.08,0.36,3,1,1
220,-1,639.79,660.68,109.23,77.90,0.82,3,1,1
220,-1,348.17,810.90,142.51,70.86,0.33,3,1,1
220,-1,1398.18,691.98,312.54,259.35,0.27,3,1,1
221,-1,650.51,661.33,106.55,79.32,0.81,3,1,1
221,-1,1413.24,710.90,327.14,294.21,0.50,3,1,1
221,-1,359.90,812.08,143.08,72.27,0.37,3,1,1
222,-1,664.49,663.50,109.54,80.00,0.78,3,1,1
222,-1,369.61,812.90,144.36,74.10,0.56,3,1,1
222,-1,1432.98,704.48,324.17,274.51,0.45,3,1,1
223,-1,687.45,667.43,111.11,80.63,0.80,3,1,1
223,-1,390.17,817.05,146.13,75.34,0.43,3,1,1
223,-1,1457.54,706.29,318.14,256.60,0.31,3,1,1
224,-1,687.46,667.44,111.09,80.69,0.80,3,1,1
224,-1,390.13,817.07,146.09,75.31,0.42,3,1,1
224,-1,1457.79,706.28,318.57,256.51,0.30,3,1,1
225,-1,698.76,668.75,111.31,79.41,0.81,3,1,1
225,-1,1474.42,710.17,316.31,252.80,0.44,3,1,1
225,-1,398.90,817.58,150.92,73.28,0.30,3,1,1
226,-1,708.80,670.53,110.56,82.38,0.79,3,1,1
226,-1,1482.83,715.49,303.51,250.48,0.59,3,1,1
226,-1,407.61,820.40,148.32,76.47,0.42,3,1,1
227,-1,721.10,671.79,113.66,83.22,0.81,3,1,1
227,-1,415.49,821.18,147.58,73.86,0.56,3,1,1
227,-1,1502.76,725.80,323.63,265.10,0.56,3,1,1
228,-1,730.80,674.49,114.17,83.80,0.81,3,1,1
228,-1,1510.32,730.48,315.69,266.74,0.64,3,1,1
228,-1,421.98,822.60,151.77,77.25,0.61,3,1,1
229,-1,750.47,677.22,117.78,82.62,0.81,3,1,1
229,-1,1544.52,743.79,325.63,263.99,0.72,3,1,1
229,-1,438.75,828.74,151.66,79.12,0.49,3,1,1
230,-1,750.39,677.22,117.69,82.59,0.81,3,1,1
230,-1,1544.75,743.85,325.98,264.06,0.72,3,1,1
230,-1,438.75,828.74,151.76,78.92,0.50,3,1,1
231,-1,758.19,679.81,115.16,86.29,0.82,3,1,1
231,-1,445.95,829.37,153.69,75.47,0.56,3,1,1
231,-1,1556.59,801.96,335.67,374.00,0.43,3,1,1
232,-1,765.96,681.37,116.97,84.06,0.76,3,1,1
232,-1,1575.81,832.25,345.66,428.57,0.72,3,1,1
232,-1,452.49,831.81,153.71,75.09,0.52,3,1,1
233,-1,776.11,683.31,119.16,83.55,0.78,3,1,1
233,-1,458.95,833.87,151.93,73.17,0.65,3,1,1
233,-1,1571.11,760.94,313.40,267.50,0.39,3,1,1
234,-1,784.83,686.35,114.91,84.82,0.82,3,1,1
234,-1,465.30,836.08,154.74,71.34,0.74,3,1,1
235,-1,801.11,691.42,116.74,85.54,0.80,3,1,1
235,-1,478.01,841.18,158.23,74.55,0.74,3,1,1
235,-1,1605.92,780.20,320.97,279.81,0.68,3,1,1
236,-1,801.11,691.44,116.80,85.48,0.80,3,1,1
236,-1,478.01,841.19,158.24,74.56,0.74,3,1,1
236,-1,1605.99,780.26,321.29,279.91,0.68,3,1,1
237,-1,810.57,693.26,119.03,84.96,0.80,3,1,1
237,-1,486.17,845.21,158.25,74.54,0.76,3,1,1
237,-1,1609.65,784.30,307.38,277.90,0.74,3,1,1
238,-1,817.87,695.90,119.50,83.26,0.81,3,1,1
238,-1,1616.61,787.25,295.42,274.72,0.76,3,1,1
238,-1,491.97,848.51,158.53,74.43,0.74,3,1,1
239,-1,827.40,699.22,121.42,85.34,0.81,3,1,1
239,-1,1625.54,793.83,291.53,273.78,0.77,3,1,1
239,-1,498.73,851.73,157.84,75.76,0.72,3,1,1
240,-1,835.44,702.45,120.63,85.94,0.82,3,1,1
240,-1,1640.11,801.44,302.16,281.13,0.79,3,1,1
240,-1,505.62,854.95,159.22,78.26,0.71,3,1,1
241,-1,852.84,707.17,122.11,88.58,0.83,3,1,1
241,-1,519.84,862.22,161.14,74.14,0.67,3,1,1
241,-1,1668.04,814.51,312.12,284.19,0.46,3,1,1
242,-1,852.82,707.20,122.13,88.62,0.83,3,1,1
242,-1,519.85,862.21,161.04,74.07,0.67,3,1,1
242,-1,1668.03,814.51,312.12,284.14,0.47,3,1,1
243,-1,862.59,711.45,124.13,88.18,0.84,3,1,1
243,-1,527.16,865.92,162.00,76.20,0.66,3,1,1
243,-1,1672.40,820.35,297.55,286.66,0.60,3,1,1
244,-1,871.11,715.03,125.79,88.83,0.84,3,1,1
244,-1,1689.28,827.11,309.88,293.25,0.79,3,1,1
244,-1,536.29,873.19,162.35,84.02,0.69,3,1,1
245,-1,1700.38,832.54,315.73,296.67,0.80,3,1,1
245,-1,879.00,718.26,123.96,89.37,0.80,3,1,1
245,-1,543.87,876.09,167.86,78.95,0.32,3,1,1
246,-1,888.10,721.95,125.69,84.87,0.81,3,1,1
246,-1,1714.04,836.32,314.43,295.70,0.79,3,1,1
246,-1,549.25,878.52,168.30,79.25,0.52,3,1,1
247,-1,904.93,727.60,128.66,87.92,0.81,3,1,1
247,-1,563.98,887.24,167.38,77.83,0.55,3,1,1
247,-1,1735.04,846.98,316.20,300.02,0.49,3,1,1
248,-1,904.90,727.64,128.59,87.86,0.81,3,1,1
248,-1,563.95,887.25,167.31,77.79,0.55,3,1,1
248,-1,1734.95,847.20,316.01,300.49,0.48,3,1,1
249,-1,913.77,731.02,131.41,90.54,0.79,3,1,1
249,-1,571.31,893.07,169.00,75.05,0.71,3,1,1
249,-1,1739.58,850.87,306.09,300.33,0.67,3,1,1
250,-1,920.38,732.83,129.42,92.05,0.80,3,1,1
250,-1,577.28,897.29,167.72,79.62,0.72,3,1,1
250,-1,1749.04,853.70,306.15,300.57,0.70,3,1,1
251,-1,933.27,736.52,137.57,90.12,0.78,3,1,1
251,-1,583.90,901.46,166.13,77.56,0.71,3,1,1
251,-1,1755.36,855.06,297.91,299.61,0.68,3,1,1
252,-1,939.15,739.45,136.55,94.33,0.82,3,1,1
252,-1,590.16,907.84,169.21,77.89,0.68,3,1,1
252,-1,1762.43,859.61,288.48,297.96,0.54,3,1,1
253,-1,1777.94,866.39,282.05,301.37,0.80,3,1,1
253,-1,957.72,745.02,141.69,92.72,0.79,3,1,1
253,-1,604.34,919.53,171.96,82.82,0.50,3,1,1
254,-1,1777.95,866.41,282.03,301.60,0.80,3,1,1
254,-1,957.79,745.03,142.00,92.75,0.79,3,1,1
254,-1,604.34,919.56,172.18,82.96,0.51,3,1,1
255,-1,1783.87,868.96,271.94,303.93,0.80,3,1,1
255,-1,962.62,749.11,134.67,90.27,0.79,3,1,1
255,-1,611.27,924.78,172.12,80.04,0.72,3,1,1
256,-1,967.59,751.75,132.34,92.36,0.81,3,1,1
256,-1,617.73,930.83,169.60,78.20,0.69,3,1,1
256,-1,1788.53,868.77,262.55,304.25,0.65,3,1,1
257,-1,975.90,755.05,133.39,93.77,0.80,3,1,1
257,-1,1794.22,870.69,251.44,303.47,0.70,3,1,1
257,-1,625.38,935.50,176.21,76.48,0.56,3,1,1
258,-1,985.08,758.45,136.41,93.82,0.82,3,1,1
258,-1,1799.07,872.34,241.41,309.20,0.75,3,1,1
258,-1,631.53,943.09,173.14,84.95,0.53,3,1,1
259,-1,999.17,763.95,138.92,94.48,0.79,3,1,1
259,-1,1808.64,874.17,222.13,309.53,0.71,3,1,1
259,-1,644.08,956.04,179.71,81.99,0.61,3,1,1
260,-1,999.14,763.96,138.87,94.53,0.79,3,1,1
260,-1,1808.64,874.12,222.11,309.67,0.70,3,1,1
260,-1,644.09,956.04,179.71,81.96,0.61,3,1,1
261,-1,1007.87,767.59,138.30,95.66,0.80,3,1,1
261,-1,1813.17,875.05,213.23,313.58,0.77,3,1,1
261,-1,650.13,964.23,178.55,84.58,0.59,3,1,1
262,-1,1013.62,769.76,134.25,95.17,0.81,3,1,1
262,-1,1819.32,877.89,201.13,319.03,0.77,3,1,1
262,-1,656.55,970.28,182.79,87.87,0.42,3,1,1
263,-1,1017.26,771.14,138.77,94.31,0.81,3,1,1
263,-1,663.12,976.83,180.25,87.43,0.61,3,1,1
263,-1,1822.74,878.48,194.51,322.38,0.56,3,1,1
264,-1,1022.05,773.83,143.13,92.72,0.81,3,1,1
264,-1,665.31,983.50,183.37,88.08,0.61,3,1,1
264,-1,1825.26,877.12,189.47,318.78,0.54,3,1,1
265,-1,1030.34,780.05,142.18,97.80,0.79,3,1,1
265,-1,669.41,997.70,184.78,94.31,0.59,3,1,1
265,-1,1832.56,878.67,174.64,321.16,0.45,3,1,1
265,-1,669.55,997.22,184.90,94.07,0.28,2,1,1
266,-1,1030.35,780.08,142.24,97.96,0.78,3,1,1
266,-1,669.40,997.58,184.77,93.96,0.57,3,1,1
266,-1,1832.53,878.56,174.72,321.02,0.45,3,1,1
266,-1,669.53,997.11,184.79,93.74,0.32,2,1,1
267,-1,1032.74,781.98,142.43,98.09,0.81,3,1,1
267,-1,669.22,1003.94,184.23,96.05,0.78,3,1,1
267,-1,1835.30,875.02,169.27,317.06,0.41,3,1,1
268,-1,669.81,1012.53,185.57,98.55,0.80,3,1,1
268,-1,1034.09,784.01,144.79,100.53,0.79,3,1,1
268,-1,1837.00,867.88,165.86,303.86,0.34,3,1,1
269,-1,1041.97,786.02,158.67,102.30,0.79,3,1,1
269,-1,672.60,1022.27,186.17,103.21,0.69,3,1,1
269,-1,1840.15,879.12,159.70,332.27,0.46,3,1,1
270,-1,1037.54,787.02,146.40,103.86,0.80,3,1,1
270,-1,673.32,1027.71,190.33,98.42,0.77,3,1,1
270,-1,1842.97,850.92,153.64,279.88,0.29,3,1,1
271,-1,1039.21,790.61,148.55,104.52,0.80,3,1,1
271,-1,669.00,1033.72,188.46,92.15,0.46,3,1,1
271,-1,1847.11,847.99,145.79,284.94,0.36,3,1,1
272,-1,1039.21,790.58,148.54,104.46,0.80,3,1,1
272,-1,669.06,1033.72,188.34,92.18,0.47,3,1,1
272,-1,1847.12,848.07,145.76,284.80,0.37,3,1,1
273,-1,1036.14,790.94,148.47,107.98,0.80,3,1,1
273,-1,1846.80,849.98,146.40,292.57,0.37,3,1,1
274,-1,1031.74,793.87,147.49,108.13,0.81,3,1,1
274,-1,661.29,1040.28,187.63,79.45,0.60,3,1,1
274,-1,1847.14,853.83,145.73,301.33,0.28,3,1,1
275,-1,1029.32,797.48,148.42,108.32,0.79,3,1,1
275,-1,660.13,1042.76,181.11,74.48,0.69,3,1,1
275,-1,1848.39,853.79,143.21,304.10,0.32,3,1,1
276,-1,1024.33,797.84,153.89,108.68,0.80,3,1,1
276,-1,667.70,1045.11,158.72,69.78,0.44,3,1,1
276,-1,1846.68,856.21,146.65,310.15,0.29,3,1,1
277,-1,1011.85,797.23,153.76,109.17,0.76,3,1,1
277,-1,666.77,1049.37,126.05,61.26,0.69,3,1,1
277,-1,1848.12,852.25,143.75,306.27,0.37,3,1,1
278,-1,1011.91,797.24,153.89,109.12,0.76,3,1,1
278,-1,666.77,1049.41,125.88,61.17,0.69,3,1,1
278,-1,1848.16,852.48,143.69,306.65,0.38,3,1,1
279,-1,1005.18,797.70,153.75,109.63,0.75,3,1,1
279,-1,657.80,1053.22,124.69,52.46,0.56,3,1,1
279,-1,1847.59,852.24,144.81,305.75,0.25,3,1,1
280,-1,999.65,801.99,158.10,113.69,0.74,3,1,1
280,-1,1847.04,853.97,145.92,310.95,0.60,3,1,1
281,-1,988.95,800.97,157.68,110.03,0.77,3,1,1
281,-1,1845.50,858.21,149.00,316.56,0.48,3,1,1
281,-1,635.63,1058.45,122.10,43.09,0.39,3,1,1
282,-1,980.04,802.72,163.09,114.91,0.71,3,1,1
282,-1,1846.01,863.91,147.59,321.11,0.53,3,1,1
283,-1,952.21,801.02,158.81,116.66,0.80,3,1,1
283,-1,1839.09,863.97,161.59,328.12,0.59,3,1,1
284,-1,952.24,800.96,158.92,116.73,0.80,3,1,1
284,-1,1839.10,863.85,161.56,327.87,0.60,3,1,1
285,-1,942.65,802.99,163.71,116.22,0.80,3,1,1
285,-1,1836.85,861.01,166.29,325.33,0.38,3,1,1
286,-1,931.71,803.15,161.99,117.10,0.79,3,1,1
286,-1,1835.42,860.91,169.15,326.79,0.56,3,1,1
287,-1,911.91,800.34,162.53,116.16,0.80,3,1,1
287,-1,1827.31,870.93,185.23,346.08,0.50,3,1,1
288,-1,902.31,804.77,163.52,121.97,0.83,3,1,1
288,-1,1826.64,865.36,186.44,342.12,0.65,3,1,1
289,-1,872.67,805.53,168.54,123.21,0.80,3,1,1
289,-1,1820.92,860.47,198.16,331.51,0.59,3,1,1
290,-1,872.70,805.53,168.65,123.21,0.80,3,1,1
290,-1,1820.92,860.96,198.17,332.46,0.59,3,1,1
291,-1,858.12,804.56,168.11,124.01,0.81,3,1,1
291,-1,1816.64,871.62,206.71,358.65,0.67,3,1,1
292,-1,849.17,813.57,176.44,124.67,0.79,3,1,1
292,-1,1815.47,861.02,209.06,331.23,0.75,3,1,1
293,-1,826.22,810.34,173.91,126.30,0.77,3,1,1
293,-1,1810.32,868.63,218.78,349.66,0.47,3,1,1
293,-1,1810.17,874.14,219.54,364.18,0.30,2,1,1
294,-1,807.25,808.90,174.10,123.36,0.81,3,1,1
294,-1,1804.85,868.53,229.86,357.12,0.35,3,1,1
295,-1,774.52,813.34,172.36,128.13,0.83,3,1,1
295,-1,1798.97,874.16,242.07,373.41,0.78,3,1,1
296,-1,774.54,813.28,172.30,128.17,0.83,3,1,1
296,-1,1799.00,874.18,242.00,373.34,0.79,3,1,1
297,-1,758.84,814.64,174.57,124.87,0.84,3,1,1
297,-1,1794.93,877.01,250.01,379.95,0.78,3,1,1
298,-1,741.13,815.71,174.76,127.65,0.84,3,1,1
298,-1,1789.09,877.77,261.75,387.46,0.65,3,1,1
299,-1,725.47,817.72,176.28,131.37,0.84,3,1,1
299,-1,1786.66,877.40,266.40,384.67,0.84,3,1,1
300,-1,710.09,820.45,178.92,131.52,0.84,3,1,1
300,-1,1782.51,875.36,274.66,382.10,0.83,3,1,1
301,-1,691.61,826.10,179.47,136.80,0.84,3,1,1
301,-1,1781.60,878.14,276.48,386.16,0.80,3,1,1
302,-1,691.64,826.11,179.45,136.80,0.84,3,1,1
302,-1,1781.61,878.11,276.45,386.16,0.80,3,1,1
303,-1,1782.58,881.42,272.53,388.59,0.86,3,1,1
303,-1,687.38,835.40,180.02,140.95,0.83,3,1,1
304,-1,1785.16,886.46,266.47,380.61,0.81,3,1,1
304,-1,690.32,839.55,183.89,138.01,0.81,3,1,1
305,-1,691.70,842.90,185.42,140.46,0.83,3,1,1
305,-1,1790.87,888.83,255.86,378.49,0.79,3,1,1
306,-1,1796.20,893.30,244.64,373.40,0.86,3,1,1
306,-1,698.30,851.17,191.49,143.31,0.78,3,1,1
307,-1,1796.06,893.32,244.78,373.35,0.86,3,1,1
307,-1,699.27,851.06,193.68,143.41,0.78,3,1,1
307,-1,960.44,446.25,253.85,190.50,0.30,3,1,1
308,-1,1796.05,893.34,244.81,373.33,0.86,3,1,1
308,-1,699.44,851.07,194.03,143.42,0.78,3,1,1
308,-1,960.25,446.23,253.56,190.43,0.29,3,1,1
309,-1,1822.63,908.41,194.73,343.17,0.85,3,1,1
309,-1,724.31,867.30,200.00,148.58,0.83,3,1,1
309,-1,969.60,446.12,245.00,187.71,0.65,3,1,1
310,-1,1831.69,914.98,176.61,330.03,0.83,3,1,1
310,-1,747.04,873.31,207.23,145.76,0.81,3,1,1
310,-1,1009.12,453.86,247.54,196.14,0.33,3,1,1
311,-1,755.34,879.36,193.53,145.48,0.86,3,1,1
311,-1,1010.37,456.46,263.60,206.27,0.78,3,1,1
311,-1,1842.10,917.43,155.79,318.46,0.71,3,1,1
312,-1,775.66,890.94,195.82,145.99,0.84,3,1,1
312,-1,1853.77,920.40,132.33,309.57,0.74,3,1,1
312,-1,1041.88,462.99,249.73,192.37,0.45,3,1,1
313,-1,775.66,890.86,195.71,145.61,0.84,3,1,1
313,-1,1853.69,920.48,132.50,310.54,0.75,3,1,1
313,-1,1042.17,462.62,247.54,189.22,0.38,3,1,1
314,-1,775.93,890.93,195.97,145.10,0.84,3,1,1
314,-1,1853.66,918.70,132.51,313.75,0.75,3,1,1
314,-1,1043.81,462.42,243.18,192.33,0.44,3,1,1
315,-1,842.05,920.40,204.18,155.66,0.87,3,1,1
315,-1,1131.66,483.86,248.81,216.70,0.44,3,1,1
316,-1,868.17,931.61,205.90,154.86,0.87,3,1,1
316,-1,1148.00,502.74,280.99,212.71,0.72,3,1,1
317,-1,895.81,943.97,203.29,156.00,0.87,3,1,1
317,-1,1182.95,507.91,273.73,198.47,0.28,3,1,1
318,-1,929.01,956.58,205.67,156.70,0.86,3,1,1
318,-1,1208.16,512.76,267.04,207.73,0.40,3,1,1
319,-1,994.26,990.18,212.44,164.39,0.85,3,1,1
319,-1,1287.17,542.60,277.17,214.58,0.75,3,1,1
320,-1,994.27,990.20,212.38,164.37,0.85,3,1,1
320,-1,1287.34,542.49,277.33,214.80,0.75,3,1,1
321,-1,1029.21,1001.70,209.92,156.61,0.88,3,1,1
321,-1,1334.10,557.21,265.42,204.07,0.41,3,1,1
322,-1,1064.08,1008.55,214.04,142.90,0.87,3,1,1
323,-1,1100.85,1018.28,212.51,123.44,0.87,3,1,1
323,-1,1402.33,588.22,261.50,205.75,0.73,3,1,1
324,-1,1132.62,1025.83,210.02,108.34,0.86,3,1,1
324,-1,1441.81,600.82,261.20,213.58,0.79,3,1,1
325,-1,1196.40,1043.05,210.66,73.89,0.82,3,1,1
325,-1,1516.29,635.13,298.72,236.39,0.78,3,1,1
326,-1,1196.35,1043.12,210.46,73.76,0.82,3,1,1
326,-1,1516.76,635.41,298.56,236.80,0.78,3,1,1
327,-1,1227.31,1051.69,207.69,56.62,0.75,3,1,1
327,-1,1536.06,641.38,252.61,221.16,0.75,3,1,1
328,-1,1576.20,662.76,255.31,226.51,0.73,3,1,1
328,-1,1257.43,1059.35,211.08,41.30,0.49,3,1,1
329,-1,1607.79,677.38,260.85,215.97,0.57,3,1,1
330,-1,1636.98,688.64,266.31,229.28,0.80,3,1,1
331,-1,1636.59,688.73,268.07,229.24,0.80,3,1,1
332,-1,1636.65,688.81,267.74,229.05,0.80,3,1,1
333,-1,1714.36,730.53,268.07,226.70,0.83,3,1,1
334,-1,1753.72,739.07,303.00,250.38,0.78,3,1,1
334,-1,207.26,628.00,131.18,154.56,0.26,2,1,1
335,-1,1774.81,757.00,279.91,240.87,0.83,3,1,1
335,-1,212.32,631.04,136.87,160.35,0.37,2,1,1
336,-1,1788.66,770.97,262.68,256.11,0.81,3,1,1
337,-1,1788.00,771.83,264.00,255.93,0.81,3,1,1
338,-1,1787.96,771.72,264.08,255.60,0.81,3,1,1
339,-1,1824.83,799.36,190.29,239.74,0.83,3,1,1
339,-1,208.29,630.95,122.27,153.25,0.31,2,1,1
340,-1,1831.75,811.15,176.28,242.09,0.82,3,1,1
341,-1,1841.90,814.67,156.20,247.07,0.76,3,1,1
342,-1,1849.68,829.61,140.00,251.39,0.77,3,1,1
342,-1,209.61,633.37,117.90,158.92,0.38,2,1,1
343,-1,1870.97,855.36,98.07,290.38,0.52,3,1,1
343,-1,1870.59,789.94,98.83,365.23,0.31,3,1,1
344,-1,1870.88,855.32,98.24,289.75,0.52,3,1,1
344,-1,1870.51,789.65,98.98,367.41,0.31,3,1,1
345,-1,1876.72,862.99,86.56,254.92,0.49,3,1,1
361,-1,794.00,783.45,233.97,89.75,0.27,2,1,1
370,-1,1294.63,839.85,57.49,42.38,0.34,3,1,1
371,-1,1289.90,842.15,57.84,43.62,0.35,3,1,1
382,-1,1228.42,871.03,56.62,46.09,0.35,3,1,1
383,-1,1221.08,874.98,58.84,46.48,0.37,3,1,1
387,-1,1181.89,887.80,59.77,47.04,0.54,3,1,1
388,-1,1172.24,890.61,61.44,46.13,0.58,3,1,1
389,-1,1163.51,894.98,62.57,47.86,0.53,3,1,1
389,-1,1190.30,710.10,613.57,238.07,0.33,3,1,1
390,-1,1154.29,897.38,60.32,46.11,0.54,3,1,1
391,-1,1154.29,897.28,60.30,46.07,0.53,3,1,1
392,-1,1154.29,897.27,60.28,46.06,0.53,3,1,1
393,-1,1123.72,906.26,63.48,48.95,0.41,3,1,1
394,-1,1115.53,909.88,63.64,52.68,0.29,3,1,1
395,-1,1104.27,913.41,60.81,50.25,0.42,3,1,1
396,-1,1094.55,916.23,60.86,52.50,0.37,3,1,1
397,-1,1073.86,921.75,65.47,51.89,0.37,3,1,1
398,-1,1073.81,921.76,65.55,51.91,0.37,3,1,1
399,-1,1064.02,925.20,63.66,49.99,0.33,3,1,1
400,-1,1053.93,927.68,63.31,51.00,0.28,3,1,1
401,-1,1044.67,929.59,64.02,51.71,0.34,3,1,1
402,-1,1035.85,933.03,64.25,50.89,0.55,3,1,1
403,-1,1018.23,938.79,65.90,52.14,0.46,3,1,1
404,-1,1018.25,938.78,65.88,52.11,0.46,3,1,1
405,-1,1008.88,940.97,63.26,51.29,0.67,3,1,1
406,-1,1002.00,943.82,63.51,55.85,0.64,3,1,1
407,-1,994.05,946.74,65.59,53.34,0.74,3,1,1
408,-1,985.72,949.12,65.56,54.99,0.68,3,1,1
409,-1,971.56,954.97,67.50,55.01,0.69,3,1,1
410,-1,971.56,954.96,67.44,55.14,0.69,3,1,1
411,-1,964.77,956.58,66.27,54.31,0.69,3,1,1
412,-1,958.19,958.22,66.05,55.68,0.68,3,1,1
413,-1,951.48,960.96,66.37,56.52,0.68,3,1,1
414,-1,946.47,965.19,66.59,55.24,0.73,3,1,1
415,-1,946.45,965.16,66.50,54.98,0.73,3,1,1
416,-1,946.44,965.17,66.51,54.98,0.73,3,1,1
417,-1,930.27,973.98,68.13,58.36,0.64,3,1,1
418,-1,925.48,978.39,66.85,56.69,0.69,3,1,1
419,-1,921.55,981.86,68.88,58.40,0.55,3,1,1
420,-1,917.21,985.33,68.56,58.40,0.65,3,1,1
421,-1,917.23,985.33,68.63,58.41,0.66,3,1,1
422,-1,917.23,985.33,68.64,58.39,0.66,3,1,1
423,-1,905.92,996.11,72.57,60.50,0.58,3,1,1
424,-1,901.84,999.52,74.33,62.09,0.65,3,1,1
425,-1,897.98,1006.08,74.87,63.86,0.63,3,1,1
426,-1,895.49,1008.30,75.11,63.20,0.65,3,1,1
427,-1,889.03,1015.91,76.82,64.65,0.62,3,1,1
428,-1,889.03,1015.93,76.84,64.60,0.62,3,1,1
429,-1,885.31,1019.97,76.39,63.61,0.66,3,1,1
430,-1,881.53,1022.95,75.48,63.41,0.63,3,1,1
431,-1,876.47,1026.91,75.13,64.81,0.65,3,1,1
432,-1,873.19,1031.50,74.27,65.26,0.62,3,1,1
433,-1,867.53,1039.38,78.12,68.04,0.59,3,1,1
434,-1,867.54,1039.35,78.11,68.06,0.60,3,1,1
435,-1,864.34,1044.69,80.41,64.94,0.41,3,1,1
436,-1,861.17,1045.92,82.40,63.70,0.53,3,1,1
437,-1,858.16,1048.91,82.35,60.42,0.53,3,1,1
438,-1,853.20,1051.94,78.87,56.12,0.36,3,1,1