1,1,1004.06,228.30,391.28,452.27,0.83,3,1,1
1,2,1401.92,533.94,125.64,82.04,0.80,3,1,1
2,1,1009.63,229.72,390.72,455.01,0.87,3,1,1
2,2,1409.65,538.72,129.83,80.42,0.80,3,1,1
3,1,1009.75,229.66,390.55,454.92,0.87,3,1,1
3,2,1414.36,538.91,129.00,79.86,0.81,3,1,1
4,1,1008.68,230.02,395.09,455.02,0.87,3,1,1
4,2,1415.57,540.62,130.93,78.88,0.82,3,1,1
5,1,1011.11,231.53,391.67,459.57,0.86,3,1,1
5,2,1413.54,541.62,133.24,79.52,0.82,3,1,1
6,1,1009.52,231.78,389.32,458.52,0.85,3,1,1
6,2,1411.61,541.53,137.48,80.34,0.82,3,1,1
7,1,1010.24,233.10,386.36,460.74,0.84,3,1,1
7,2,1409.45,543.65,143.51,82.84,0.82,3,1,1
8,1,1010.63,235.28,385.90,467.23,0.88,3,1,1
8,2,1405.87,543.95,152.24,83.49,0.81,3,1,1
9,1,1010.85,235.47,385.68,467.24,0.87,3,1,1
9,2,1403.77,544.08,156.88,83.69,0.81,3,1,1
10,1,994.82,238.04,404.05,470.70,0.81,3,1,1
10,2,1394.94,544.15,157.49,81.28,0.79,3,1,1
11,2,1387.30,543.99,158.17,79.14,0.79,3,1,1
11,1,974.14,240.78,446.53,473.39,0.75,3,1,1
12,2,1385.63,544.04,168.56,80.44,0.78,3,1,1
12,1,972.56,240.68,437.51,475.09,0.74,3,1,1
13,2,1376.66,543.12,167.77,81.79,0.79,3,1,1
13,1,974.76,245.81,371.52,485.31,0.76,3,1,1
14,1,976.29,245.40,359.80,486.53,0.85,3,1,1
14,2,1377.72,544.23,187.12,84.20,0.79,3,1,1
15,1,973.84,245.58,365.19,487.32,0.81,3,1,1
15,2,1372.07,543.88,198.62,84.76,0.79,3,1,1
16,2,1360.31,542.01,196.04,88.00,0.77,3,1,1
16,1,956.98,246.43,347.43,491.21,0.77,3,1,1
17,2,1343.15,543.10,182.88,83.85,0.71,3,1,1
17,1,983.54,244.11,266.23,478.86,0.64,3,1,1
18,2,1338.80,543.03,198.33,86.24,0.72,3,1,1
18,1,991.10,244.63,237.27,478.62,0.51,3,1,1
19,2,1320.85,544.64,177.81,88.21,0.74,3,1,1
19,1,924.51,249.86,322.34,488.49,0.58,3,1,1
20,2,1306.48,544.59,169.29,82.27,0.74,3,1,1
20,1,963.39,246.73,246.55,482.82,0.43,3,1,1
21,2,1299.12,544.42,177.27,81.45,0.74,3,1,1
21,1,965.82,247.88,241.57,478.67,0.71,3,1,1
22,1,952.20,252.72,219.19,488.52,0.81,3,1,1
22,2,1286.11,543.69,169.67,81.68,0.78,3,1,1
23,1,885.65,251.16,345.98,488.48,0.85,3,1,1
23,2,1277.84,544.34,173.87,88.59,0.80,3,1,1
24,1,881.34,250.30,344.71,489.13,0.86,3,1,1
24,2,1272.53,543.60,181.31,90.26,0.80,3,1,1
25,1,870.83,251.19,344.56,488.24,0.86,3,1,1
25,2,1264.69,544.64,188.80,91.83,0.82,3,1,1
26,1,862.47,254.02,356.51,486.75,0.81,3,1,1
26,2,1254.54,543.86,184.28,89.81,0.80,3,1,1
27,2,1240.74,543.98,177.31,88.12,0.78,3,1,1
27,1,854.97,252.54,320.58,484.96,0.67,3,1,1
28,2,1232.81,542.20,182.57,89.24,0.78,3,1,1
28,1,851.05,254.05,331.08,483.09,0.73,3,1,1
29,2,1218.52,542.90,173.40,90.57,0.78,3,1,1
29,1,841.87,253.20,321.85,486.19,0.71,3,1,1
30,1,875.64,260.10,223.78,481.78,0.84,3,1,1
30,2,1205.99,544.32,172.95,89.95,0.80,3,1,1
31,1,870.17,259.56,223.05,475.03,0.83,3,1,1
31,2,1194.15,545.01,168.90,88.96,0.79,3,1,1
32,2,1185.86,546.02,172.23,89.12,0.79,3,1,1
32,1,850.33,253.20,228.17,494.42,0.71,3,1,1
33,2,1175.12,546.41,171.84,87.68,0.77,3,1,1
33,1,843.22,253.45,223.28,493.80,0.68,3,1,1
34,2,1172.46,545.65,192.03,91.09,0.77,3,1,1
34,1,837.14,253.16,223.09,491.93,0.75,3,1,1
35,1,835.99,252.35,224.79,489.68,0.85,3,1,1
35,2,1159.21,545.12,184.73,89.18,0.77,3,1,1
36,1,825.30,252.09,215.51,486.76,0.86,3,1,1
36,2,1144.19,547.45,174.91,84.71,0.75,3,1,1
37,1,820.24,259.68,225.89,479.49,0.85,3,1,1
37,2,1134.66,546.20,164.66,86.28,0.76,3,1,1
38,1,813.93,252.56,200.44,490.50,0.86,3,1,1
38,2,1128.09,546.25,155.97,91.95,0.81,3,1,1
39,1,814.27,252.23,198.52,491.89,0.85,3,1,1
39,2,1126.68,546.84,154.01,92.08,0.81,3,1,1
40,1,815.38,251.73,198.33,490.75,0.85,3,1,1
40,2,1124.91,546.34,149.92,92.16,0.81,3,1,1
41,1,817.35,248.95,194.16,487.79,0.85,3,1,1
41,2,1126.26,546.55,148.44,92.89,0.82,3,1,1
42,1,818.51,247.54,202.17,485.90,0.84,3,1,1
42,2,1127.83,546.85,144.46,93.37,0.82,3,1,1
43,1,818.95,248.45,204.85,484.32,0.84,3,1,1
43,2,1131.32,547.24,146.56,93.83,0.80,3,1,1
44,1,823.85,246.27,208.62,482.66,0.85,3,1,1
44,2,1135.76,547.16,144.99,93.77,0.81,3,1,1
45,1,826.29,244.99,214.02,482.58,0.84,3,1,1
45,2,1142.11,547.16,145.50,93.60,0.79,3,1,1
46,1,826.92,245.81,219.99,484.67,0.85,3,1,1
46,2,1147.08,547.63,142.43,94.14,0.80,3,1,1
47,1,829.80,243.50,228.16,479.07,0.86,3,1,1
47,2,1152.86,545.94,138.61,95.23,0.82,3,1,1
48,1,841.93,242.11,221.70,474.29,0.86,3,1,1
48,2,1159.54,543.04,137.66,88.03,0.82,3,1,1
49,1,842.71,241.02,227.26,475.67,0.86,3,1,1
49,2,1166.83,541.86,137.93,90.80,0.82,3,1,1
50,1,855.59,235.41,214.41,463.60,0.85,3,1,1
50,2,1173.14,541.16,138.81,90.42,0.83,3,1,1
51,1,864.04,233.97,219.34,460.55,0.86,3,1,1
51,2,1180.65,539.70,138.66,92.11,0.83,3,1,1
52,1,865.67,232.69,224.75,458.48,0.87,3,1,1
52,2,1191.43,537.42,138.60,90.31,0.81,3,1,1
53,1,870.81,232.55,235.20,459.57,0.86,3,1,1
53,2,1200.65,535.25,134.75,92.36,0.82,3,1,1
54,1,883.05,227.98,225.32,450.08,0.86,3,1,1
54,2,1207.86,531.43,137.50,89.00,0.82,3,1,1
55,1,892.33,225.57,232.36,443.01,0.84,3,1,1
55,2,1216.35,529.41,135.83,87.77,0.81,3,1,1
56,1,907.86,225.05,223.75,441.46,0.85,3,1,1
56,2,1226.02,525.01,136.47,83.66,0.85,3,1,1
57,1,909.61,225.32,232.03,443.26,0.85,3,1,1
57,2,1236.54,522.56,133.46,84.63,0.84,3,1,1
58,1,912.96,223.57,249.08,441.69,0.86,3,1,1
58,2,1246.56,521.76,134.35,87.69,0.83,3,1,1
59,1,911.40,222.74,253.98,439.80,0.85,3,1,1
59,2,1257.11,517.75,132.60,86.13,0.82,3,1,1
60,1,930.21,219.83,237.12,435.74,0.86,3,1,1
60,2,1269.05,517.19,136.36,91.36,0.82,3,1,1
61,1,931.21,219.67,249.68,434.63,0.87,3,1,1
61,2,1278.72,513.82,132.30,87.31,0.81,3,1,1
62,1,936.38,219.69,256.14,435.90,0.86,3,1,1
62,2,1289.68,512.15,136.18,92.81,0.81,3,1,1
63,1,955.26,221.52,227.83,439.78,0.83,3,1,1
63,2,1301.16,510.58,135.32,92.56,0.82,3,1,1
64,1,974.23,222.99,234.70,442.61,0.83,3,1,1
64,2,1311.63,509.72,134.88,93.87,0.81,3,1,1
65,1,992.45,220.43,211.90,432.90,0.84,3,1,1
65,2,1322.78,505.06,136.86,85.87,0.77,3,1,1
66,1,998.69,223.89,217.24,439.83,0.82,3,1,1
66,2,1335.07,503.76,136.79,85.87,0.82,3,1,1
67,2,1347.29,504.64,136.23,87.78,0.82,3,1,1
67,1,1009.24,221.74,227.39,434.39,0.80,3,1,1
68,2,1356.95,505.50,139.43,91.17,0.81,3,1,1
68,1,1014.66,220.31,229.89,436.58,0.75,3,1,1
69,2,1366.60,504.91,134.78,88.93,0.82,3,1,1
69,1,1004.01,218.23,250.92,436.46,0.79,3,1,1
70,1,1030.33,217.98,234.45,426.12,0.81,3,1,1
70,2,1377.37,503.56,135.99,85.45,0.79,3,1,1
71,2,1388.22,503.62,128.98,86.78,0.80,3,1,1
71,1,1032.90,218.48,235.71,429.81,0.76,3,1,1
72,2,1398.02,504.02,135.70,88.28,0.81,3,1,1
72,1,1050.40,218.55,226.22,431.60,0.72,3,1,1
73,2,1406.68,506.44,132.50,89.48,0.81,3,1,1
73,1,1065.52,217.04,221.57,428.80,0.77,3,1,1
74,2,1416.43,508.04,138.45,87.69,0.81,3,1,1
74,1,1069.57,217.99,226.17,432.08,0.75,3,1,1
75,2,1424.36,505.52,130.31,86.31,0.81,3,1,1
75,1,1079.36,219.99,231.56,432.40,0.55,3,1,1
76,2,1433.83,507.49,134.57,86.72,0.80,3,1,1
76,1,1080.95,222.09,253.26,434.12,0.67,3,1,1
77,2,1439.64,508.65,134.23,84.66,0.82,3,1,1
77,1,1096.97,224.21,231.31,440.14,0.69,3,1,1
78,2,1443.91,510.36,133.20,84.11,0.83,3,1,1
78,1,1103.63,224.73,225.46,440.71,0.74,3,1,1
79,1,1110.23,224.51,216.04,441.19,0.88,3,1,1
79,2,1450.24,511.46,131.17,89.09,0.82,3,1,1
80,2,1457.34,515.06,137.15,92.66,0.82,3,1,1
80,1,1113.34,226.44,222.39,446.06,0.81,3,1,1
81,2,1461.13,516.51,133.02,92.60,0.84,3,1,1
81,1,1113.99,226.82,224.03,446.60,0.83,3,1,1
82,2,1462.62,520.29,135.89,91.26,0.83,3,1,1
82,1,1117.15,227.84,221.27,448.83,0.81,3,1,1
83,1,1119.61,230.73,223.12,452.93,0.88,3,1,1
83,2,1461.51,519.83,136.04,89.77,0.84,3,1,1
84,1,1116.24,232.90,212.82,458.07,0.89,3,1,1
84,2,1458.44,521.72,145.12,90.42,0.83,3,1,1
85,1,1118.03,234.70,220.17,460.16,0.88,3,1,1
85,2,1455.11,524.99,149.18,90.01,0.83,3,1,1
86,1,1108.93,236.90,231.11,462.37,0.85,3,1,1
86,2,1449.90,527.08,154.28,89.13,0.82,3,1,1
87,2,1444.79,529.70,160.64,87.55,0.82,3,1,1
87,1,1097.38,236.58,242.72,466.59,0.71,3,1,1
88,2,1441.59,531.58,167.06,88.35,0.81,3,1,1
88,1,1082.26,241.50,267.07,473.67,0.81,3,1,1
89,2,1434.99,532.75,168.33,86.32,0.78,3,1,1
89,1,1070.84,245.23,265.43,477.88,0.71,3,1,1
90,1,1065.76,245.19,269.58,483.21,0.80,3,1,1
90,2,1428.15,534.80,169.46,87.78,0.80,3,1,1
91,1,1056.18,244.98,252.32,478.71,0.85,3,1,1
91,2,1415.54,534.85,163.65,87.53,0.80,3,1,1
92,2,1411.38,535.71,167.83,85.51,0.81,3,1,1
92,1,1054.14,247.50,249.51,487.85,0.77,3,1,1
93,1,1050.08,247.01,240.05,482.93,0.80,3,1,1
93,2,1404.49,536.44,169.66,86.35,0.79,3,1,1
94,2,1399.20,537.68,175.69,86.28,0.78,3,1,1
94,1,1027.54,247.67,262.73,487.60,0.70,3,1,1
95,1,1030.50,247.66,240.16,486.32,0.84,3,1,1
95,2,1386.20,537.77,164.86,87.72,0.78,3,1,1
96,1,1032.16,246.78,230.74,483.64,0.84,3,1,1
96,2,1380.41,539.57,166.34,87.28,0.78,3,1,1
97,1,1026.36,249.00,220.77,486.88,0.86,3,1,1
97,2,1374.22,540.85,170.26,92.18,0.81,3,1,1
98,1,1017.53,248.70,232.53,486.27,0.82,3,1,1
98,2,1363.77,542.06,160.72,87.13,0.80,3,1,1
99,2,1356.74,543.68,161.47,91.08,0.81,3,1,1
99,1,1011.89,245.41,228.99,477.72,0.79,3,1,1
100,1,1007.63,248.60,218.67,482.48,0.83,3,1,1
100,2,1354.55,545.96,166.68,91.30,0.82,3,1,1
101,1,1001.61,251.51,216.63,485.53,0.84,3,1,1
101,2,1348.34,547.73,164.60,91.23,0.82,3,1,1
102,2,1341.78,549.27,161.52,91.37,0.81,3,1,1
102,1,978.81,252.33,249.18,491.35,0.78,3,1,1
103,2,1336.57,550.96,159.79,94.44,0.81,3,1,1
103,1,975.09,253.31,245.93,493.56,0.76,3,1,1
104,2,1330.41,554.40,160.54,96.64,0.82,3,1,1
104,1,974.49,253.46,236.58,487.21,0.70,3,1,1
105,2,1322.40,556.32,151.85,96.36,0.83,3,1,1
105,1,968.40,253.63,244.36,493.34,0.80,3,1,1
106,1,965.94,257.23,247.65,500.70,0.85,3,1,1
106,2,1317.80,557.99,157.90,98.97,0.84,3,1,1
107,2,1313.66,561.72,158.70,96.38,0.84,3,1,1
107,1,962.87,257.31,231.07,502.68,0.80,3,1,1
108,2,1307.56,565.10,157.44,95.60,0.84,3,1,1
108,1,949.68,254.09,258.85,498.98,0.74,3,1,1
109,1,960.33,257.34,233.14,502.98,0.84,3,1,1
109,2,1304.09,569.75,158.81,96.27,0.83,3,1,1
110,1,957.59,256.20,234.73,501.37,0.87,3,1,1
110,2,1297.92,570.58,153.23,95.68,0.82,3,1,1
111,1,955.91,259.17,231.17,503.58,0.88,3,1,1
111,2,1294.61,573.78,155.94,96.78,0.82,3,1,1
112,1,954.93,258.46,236.64,503.74,0.88,3,1,1
112,2,1291.04,574.36,155.87,94.14,0.83,3,1,1
113,1,954.05,261.06,235.07,508.32,0.87,3,1,1
113,2,1288.97,576.40,157.62,96.25,0.83,3,1,1
114,1,949.46,260.85,229.83,509.13,0.86,3,1,1
114,2,1287.54,576.65,155.42,97.92,0.83,3,1,1
115,1,947.96,260.13,227.69,507.04,0.85,3,1,1
115,2,1285.40,577.42,159.15,97.74,0.82,3,1,1
116,1,945.00,259.08,224.82,507.57,0.86,3,1,1
116,2,1282.12,578.49,157.21,96.47,0.81,3,1,1
117,1,943.08,256.07,221.45,500.78,0.87,3,1,1
117,2,1279.43,577.65,155.95,95.44,0.80,3,1,1
118,1,943.59,256.56,220.72,502.41,0.86,3,1,1
118,2,1277.59,575.33,157.22,96.24,0.83,3,1,1
119,1,942.31,253.88,213.64,501.65,0.86,3,1,1
119,2,1275.85,568.94,151.14,101.87,0.83,3,1,1
120,1,938.74,252.52,214.05,497.93,0.85,3,1,1
120,2,1276.49,563.58,148.00,108.00,0.83,3,1,1
121,2,1277.02,545.48,149.01,97.76,0.84,3,1,1
121,1,938.45,251.59,220.41,499.51,0.84,3,1,1
122,1,935.27,241.55,215.77,477.44,0.85,3,1,1
122,2,1279.76,533.87,144.35,101.96,0.83,3,1,1
123,2,1283.78,515.22,146.50,98.88,0.85,3,1,1
123,1,936.58,240.96,214.01,476.12,0.82,3,1,1
124,1,943.53,230.87,212.39,457.94,0.83,3,1,1
124,2,1288.71,500.18,141.75,96.61,0.83,3,1,1
125,2,1293.96,485.85,144.39,98.30,0.82,3,1,1
125,1,945.27,220.65,214.14,437.96,0.77,3,1,1
126,2,1298.63,464.63,142.27,97.01,0.86,3,1,1
126,1,946.17,209.34,216.94,413.57,0.84,3,1,1
127,2,1302.83,448.25,146.80,98.52,0.85,3,1,1
127,1,951.90,204.22,211.86,407.11,0.79,3,1,1
128,1,953.13,177.18,219.16,352.54,0.84,3,1,1
128,2,1308.87,430.40,148.31,97.83,0.83,3,1,1
129,2,1313.76,412.35,146.36,96.92,0.85,3,1,1
129,1,954.07,181.86,238.42,361.35,0.82,3,1,1
130,1,964.84,175.39,218.67,348.75,0.86,3,1,1
130,2,1318.44,397.74,145.50,98.05,0.85,3,1,1
131,1,966.27,170.83,216.12,339.99,0.85,3,1,1
131,2,1322.56,387.09,146.12,101.38,0.83,3,1,1
132,1,967.42,169.38,215.73,337.95,0.86,3,1,1
132,2,1327.98,375.68,147.91,107.68,0.84,3,1,1
133,1,973.06,163.04,219.60,325.69,0.84,3,1,1
133,2,1330.20,364.82,147.75,102.76,0.83,3,1,1
134,2,1333.10,355.19,150.32,100.42,0.83,3,1,1
134,1,967.41,150.77,221.63,301.54,0.82,3,1,1
135,2,1333.59,350.51,153.81,106.51,0.84,3,1,1
135,1,971.39,152.45,215.18,304.90,0.78,3,1,1
136,2,1332.83,345.20,150.12,108.08,0.85,3,1,1
136,1,971.88,144.16,210.95,288.32,0.79,3,1,1
137,2,1332.11,341.41,155.61,110.11,0.83,3,1,1
137,1,961.34,143.65,191.82,284.96,0.72,3,1,1
138,1,974.86,141.53,225.08,280.28,0.84,3,1,1
138,2,1330.57,337.43,156.20,110.24,0.83,3,1,1
139,1,968.19,141.02,225.72,280.21,0.88,3,1,1
139,2,1330.10,334.46,159.07,111.21,0.82,3,1,1
140,1,962.95,141.84,230.85,282.56,0.86,3,1,1
140,2,1328.37,332.25,161.18,110.32,0.83,3,1,1
141,1,957.91,139.73,232.09,278.34,0.86,3,1,1
141,2,1327.23,331.72,163.41,111.87,0.84,3,1,1
142,1,951.29,141.18,232.23,280.57,0.87,3,1,1
142,2,1324.02,331.35,162.60,110.59,0.84,3,1,1
143,2,1321.35,331.09,167.39,110.74,0.87,3,1,1
143,1,946.64,143.72,234.98,285.78,0.86,3,1,1
144,1,943.19,144.36,233.08,286.32,0.87,3,1,1
144,2,1317.69,331.63,170.39,111.32,0.86,3,1,1
145,1,942.62,147.27,231.41,292.78,0.87,3,1,1
145,2,1314.10,331.94,167.91,112.71,0.86,3,1,1
146,1,941.37,149.63,235.42,297.65,0.88,3,1,1
146,2,1309.40,332.71,167.55,108.43,0.85,3,1,1
147,1,936.98,149.82,237.26,299.64,0.87,3,1,1
147,2,1303.85,333.50,168.78,105.58,0.84,3,1,1
148,1,933.01,152.38,232.10,304.62,0.88,3,1,1
148,2,1301.76,335.56,170.12,101.66,0.82,3,1,1
149,1,929.34,154.24,239.36,307.49,0.87,3,1,1
149,2,1297.43,337.55,172.15,100.97,0.82,3,1,1
150,1,928.54,153.81,234.88,307.63,0.87,3,1,1
150,2,1294.50,337.95,172.95,103.02,0.83,3,1,1
151,1,923.63,153.03,228.26,305.38,0.88,3,1,1
151,2,1289.84,338.16,169.00,103.80,0.83,3,1,1
152,1,918.12,155.07,235.27,307.54,0.87,3,1,1
152,2,1285.23,338.46,165.66,103.27,0.85,3,1,1
153,1,913.51,156.54,236.05,311.76,0.88,3,1,1
153,2,1283.62,338.81,167.64,103.15,0.84,3,1,1
154,1,912.43,154.60,232.96,306.93,0.88,3,1,1
154,2,1282.09,339.57,169.21,105.22,0.83,3,1,1
155,1,906.55,153.87,231.99,305.25,0.88,3,1,1
155,2,1280.49,339.63,170.31,106.44,0.84,3,1,1
156,1,904.76,154.26,235.88,306.16,0.87,3,1,1
156,2,1279.90,339.58,171.04,107.19,0.84,3,1,1
157,1,902.80,153.57,224.29,304.36,0.88,3,1,1
157,2,1279.12,339.03,170.10,108.65,0.84,3,1,1
158,1,903.68,154.13,225.95,305.06,0.87,3,1,1
158,2,1278.79,337.76,170.83,109.07,0.84,3,1,1
159,1,902.90,154.69,225.79,306.49,0.86,3,1,1
159,2,1278.10,337.51,168.72,109.17,0.84,3,1,1
160,1,904.71,154.27,222.79,305.43,0.86,3,1,1
160,2,1277.72,337.47,168.34,109.45,0.84,3,1,1
161,1,905.62,154.96,221.53,306.06,0.86,3,1,1
161,2,1278.12,337.71,168.74,110.72,0.84,3,1,1
162,1,905.26,155.12,222.15,306.28,0.87,3,1,1
162,2,1278.51,337.05,167.49,110.35,0.85,3,1,1
163,2,1278.62,336.71,167.16,111.03,0.84,3,1,1
163,1,907.64,153.84,216.85,304.50,0.80,3,1,1
164,2,1278.44,337.31,166.43,111.44,0.84,3,1,1
164,1,907.59,154.05,219.50,304.76,0.84,3,1,1
165,2,1278.98,338.19,167.03,110.69,0.84,3,1,1
165,1,907.65,153.96,220.11,304.46,0.84,3,1,1
166,2,1279.44,337.93,165.42,110.10,0.84,3,1,1
166,1,907.91,153.95,222.79,306.54,0.80,3,1,1
167,2,1280.00,337.86,166.38,110.69,0.84,3,1,1
167,1,909.38,152.97,221.45,304.63,0.82,3,1,1
168,1,909.50,154.06,220.98,304.44,0.86,3,1,1
168,2,1281.81,337.77,162.47,110.15,0.85,3,1,1
169,1,908.90,153.50,222.10,303.52,0.87,3,1,1
169,2,1282.56,338.24,162.77,111.09,0.85,3,1,1
170,1,911.04,153.19,223.69,303.41,0.88,3,1,1
170,2,1284.12,338.17,163.47,109.14,0.84,3,1,1
171,1,910.82,153.87,223.23,305.04,0.86,3,1,1
171,2,1285.36,338.81,160.11,108.80,0.84,3,1,1
172,1,911.59,154.26,226.71,305.81,0.86,3,1,1
172,2,1286.44,340.04,160.38,109.93,0.85,3,1,1
173,1,913.05,153.25,223.48,303.80,0.87,3,1,1
173,2,1286.23,340.12,159.65,109.14,0.84,3,1,1
174,1,917.17,153.72,216.26,304.95,0.87,3,1,1
174,2,1288.65,342.64,162.10,109.47,0.84,3,1,1
175,1,915.65,153.88,219.54,305.70,0.86,3,1,1
175,2,1289.65,345.98,161.13,109.67,0.86,3,1,1
176,1,915.77,153.48,219.87,304.70,0.87,3,1,1
176,2,1291.54,348.26,159.11,108.12,0.85,3,1,1
177,1,919.43,154.02,216.81,306.97,0.86,3,1,1
177,2,1292.85,350.53,161.07,102.76,0.84,3,1,1
178,1,920.18,154.88,216.84,308.84,0.86,3,1,1
178,2,1294.64,354.74,156.69,98.33,0.85,3,1,1
179,1,922.58,154.98,217.73,308.31,0.87,3,1,1
179,2,1296.30,358.05,154.89,96.64,0.85,3,1,1
180,1,925.36,156.01,216.10,310.70,0.86,3,1,1
180,2,1297.35,362.69,154.04,97.52,0.85,3,1,1
181,2,1299.29,366.71,152.85,98.61,0.87,3,1,1
181,1,925.84,157.42,218.93,313.53,0.87,3,1,1
182,1,928.96,160.78,221.53,320.20,0.87,3,1,1
182,2,1299.97,373.62,152.09,98.06,0.86,3,1,1
183,1,932.96,163.79,220.38,325.70,0.88,3,1,1
183,2,1301.82,380.93,153.06,97.47,0.84,3,1,1
184,1,934.46,168.71,223.44,335.70,0.88,3,1,1
184,2,1302.48,388.32,152.85,96.72,0.82,3,1,1
185,1,937.05,170.48,223.31,339.36,0.88,3,1,1
185,2,1306.10,400.74,153.69,95.97,0.87,3,1,1
186,1,937.56,172.97,233.86,344.31,0.87,3,1,1
186,2,1308.90,407.81,152.37,92.44,0.86,3,1,1
187,2,1310.90,416.08,150.62,98.55,0.87,3,1,1
187,1,938.62,176.72,227.23,351.71,0.87,3,1,1
188,1,948.42,178.54,223.77,354.44,0.86,3,1,1
188,2,1314.21,425.42,152.86,97.65,0.86,3,1,1
189,1,953.36,182.62,224.57,362.03,0.85,3,1,1
189,2,1315.87,434.25,148.88,95.58,0.84,3,1,1
190,2,1319.33,441.76,152.87,93.53,0.86,3,1,1
190,1,951.70,184.72,227.81,367.09,0.85,3,1,1
191,2,1321.94,449.44,150.90,93.02,0.88,3,1,1
191,1,958.27,187.78,228.89,374.12,0.87,3,1,1
192,1,963.89,192.10,222.89,382.13,0.87,3,1,1
192,2,1325.94,456.60,150.81,90.11,0.86,3,1,1
193,1,966.00,194.80,223.49,387.90,0.87,3,1,1
193,2,1329.30,462.13,151.99,94.13,0.86,3,1,1
194,1,972.20,196.46,227.26,390.41,0.87,3,1,1
194,2,1333.06,469.59,152.46,95.16,0.86,3,1,1
195,1,976.30,200.28,232.09,397.67,0.88,3,1,1
195,2,1337.88,476.13,153.31,95.85,0.85,3,1,1
196,1,979.84,201.45,229.29,399.91,0.87,3,1,1
196,2,1344.16,483.22,149.92,95.62,0.83,3,1,1
197,1,985.68,205.06,230.29,404.69,0.88,3,1,1
197,2,1348.64,487.94,150.22,96.88,0.82,3,1,1
198,1,986.39,205.41,228.17,404.57,0.88,3,1,1
198,2,1348.49,487.78,149.85,97.21,0.82,3,1,1
199,1,993.37,207.21,228.16,407.97,0.88,3,1,1
199,2,1350.53,494.13,151.27,99.16,0.84,3,1,1
200,1,1002.71,210.10,228.22,414.72,0.88,3,1,1
200,2,1357.88,498.27,147.59,96.82,0.83,3,1,1
201,1,1006.30,212.13,231.71,418.99,0.88,3,1,1
201,2,1364.09,503.82,146.91,96.10,0.84,3,1,1
202,1,1008.68,213.20,235.75,422.28,0.88,3,1,1
202,2,1369.73,509.80,145.24,97.15,0.85,3,1,1
203,1,1011.52,216.45,233.77,429.56,0.87,3,1,1
203,2,1374.21,514.31,148.62,95.72,0.84,3,1,1
204,1,1022.04,219.34,238.74,432.40,0.86,3,1,1
204,2,1382.61,520.66,144.75,94.36,0.83,3,1,1
205,1,1029.45,221.80,236.09,439.02,0.87,3,1,1
205,2,1389.23,528.06,146.11,94.07,0.82,3,1,1
206,1,1031.52,226.12,246.40,445.52,0.88,3,1,1
206,2,1396.00,533.35,142.84,93.72,0.81,3,1,1
207,1,1049.26,226.63,236.07,444.13,0.88,3,1,1
207,2,1402.65,538.95,142.56,90.69,0.83,3,1,1
208,1,1045.92,230.66,249.67,461.12,0.87,3,1,1
208,2,1417.63,549.77,143.97,87.83,0.85,3,1,1
209,1,1054.03,233.90,250.31,467.80,0.85,3,1,1
209,2,1424.70,554.85,140.70,89.57,0.83,3,1,1
210,2,1433.57,560.13,142.96,92.52,0.84,3,1,1
210,1,1072.07,239.05,237.50,471.82,0.83,3,1,1
211,2,1445.28,565.85,142.71,88.48,0.85,3,1,1
211,1,1083.56,239.63,249.52,471.94,0.84,3,1,1
212,2,1455.96,570.68,139.58,87.81,0.83,3,1,1
212,1,1091.15,241.42,246.18,480.05,0.82,3,1,1
213,2,1467.27,574.85,139.58,85.22,0.83,3,1,1
213,1,1100.87,244.29,245.15,486.48,0.81,3,1,1
214,2,1477.47,582.65,137.68,87.65,0.84,3,1,1
214,1,1106.00,250.59,260.30,480.65,0.80,3,1,1
215,2,1490.42,588.61,137.14,85.57,0.85,3,1,1
215,1,1120.77,251.76,255.04,485.52,0.81,3,1,1
216,2,1503.43,594.83,135.61,85.64,0.84,3,1,1
216,1,1124.46,253.73,276.73,486.51,0.78,3,1,1
217,1,1159.72,255.73,248.60,498.93,0.85,3,1,1
217,2,1516.37,599.57,136.79,86.17,0.84,3,1,1
218,2,1529.62,604.37,132.20,86.47,0.83,3,1,1
218,1,1180.25,254.52,223.80,495.41,0.83,3,1,1
219,2,1543.88,609.05,133.34,84.67,0.83,3,1,1
219,1,1188.85,258.22,233.30,493.01,0.77,3,1,1
220,2,1556.78,616.16,131.90,89.31,0.83,3,1,1
220,1,1200.80,260.74,240.70,493.43,0.74,3,1,1
221,2,1570.39,622.08,132.10,91.75,0.82,3,1,1
221,1,1207.94,258.40,256.33,495.97,0.72,3,1,1
222,2,1584.39,625.43,133.51,90.32,0.80,3,1,1
222,1,1220.40,262.75,271.73,500.01,0.75,3,1,1
223,1,1254.86,261.97,232.49,512.71,0.90,3,1,1
223,2,1600.11,631.17,132.54,98.42,0.80,3,1,1
224,1,1267.50,263.27,239.10,513.28,0.81,3,1,1
224,2,1615.47,630.62,134.01,99.45,0.80,3,1,1
225,2,1631.34,631.44,135.98,100.98,0.82,3,1,1
225,1,1279.85,262.83,258.03,508.63,0.79,3,1,1
226,1,1307.46,260.90,236.91,507.30,0.86,3,1,1
226,2,1646.70,627.05,138.22,99.18,0.81,3,1,1
227,2,1661.94,624.49,135.91,96.95,0.82,3,1,1
227,1,1319.48,259.22,230.85,502.91,0.77,3,1,1
228,2,1678.54,620.77,134.99,96.54,0.82,3,1,1
228,1,1331.11,261.96,258.26,503.83,0.72,3,1,1
229,1,1354.81,250.94,235.76,489.92,0.86,3,1,1
229,2,1692.06,616.49,129.51,95.19,0.83,3,1,1
230,1,1364.81,245.58,242.38,482.67,0.86,3,1,1
230,2,1707.42,612.04,131.29,95.43,0.83,3,1,1
231,2,1723.57,606.11,130.54,91.17,0.84,3,1,1
231,1,1382.19,244.35,253.02,484.05,0.84,3,1,1
232,1,1398.77,243.20,232.47,480.83,0.85,3,1,1
232,2,1736.07,603.11,131.26,91.87,0.82,3,1,1
233,1,1412.75,241.01,236.89,473.82,0.84,3,1,1
233,2,1744.84,600.12,133.55,92.81,0.79,3,1,1
234,1,1422.36,236.25,236.82,462.62,0.84,3,1,1
234,2,1755.05,598.37,128.53,95.96,0.82,3,1,1
235,1,1434.04,238.92,237.49,465.27,0.83,3,1,1
235,2,1765.52,596.40,129.07,95.19,0.82,3,1,1
236,2,1773.23,593.59,127.97,93.93,0.82,3,1,1
236,1,1428.83,235.09,256.38,462.89,0.77,3,1,1
237,1,1451.24,231.99,235.51,454.25,0.89,3,1,1
237,2,1779.94,592.69,126.30,96.47,0.82,3,1,1
238,1,1454.86,231.08,235.23,450.25,0.90,3,1,1
238,2,1789.48,591.97,129.73,100.02,0.83,3,1,1
239,1,1468.09,226.06,241.16,444.93,0.87,3,1,1
239,2,1796.18,588.76,128.02,95.94,0.82,3,1,1
240,1,1472.62,227.25,244.46,448.64,0.84,3,1,1
240,2,1802.27,586.96,125.04,97.65,0.80,3,1,1
241,1,1480.70,224.38,238.71,441.83,0.87,3,1,1
241,2,1807.17,584.22,127.09,94.87,0.80,3,1,1
242,1,1482.13,226.81,239.97,444.55,0.86,3,1,1
242,2,1810.90,582.57,124.90,97.56,0.81,3,1,1
243,1,1486.83,224.53,233.77,441.94,0.87,3,1,1
243,2,1814.08,582.71,123.99,99.33,0.81,3,1,1
244,1,1486.18,223.50,237.10,443.52,0.88,3,1,1
244,2,1818.24,581.53,127.37,100.39,0.81,3,1,1
245,1,1491.49,224.16,232.49,442.71,0.88,3,1,1
245,2,1822.23,577.56,126.28,93.20,0.78,3,1,1
246,1,1493.97,224.55,230.24,440.92,0.88,3,1,1
246,2,1825.41,575.85,124.74,97.14,0.80,3,1,1
247,1,1498.00,223.36,230.71,438.22,0.89,3,1,1
247,2,1825.48,573.66,132.44,96.12,0.79,3,1,1
248,1,1499.36,220.58,227.01,433.49,0.88,3,1,1
248,2,1826.52,573.92,129.99,94.27,0.79,3,1,1
249,1,1501.43,222.04,227.03,435.20,0.87,3,1,1
249,2,1829.16,574.09,125.07,99.63,0.80,3,1,1
250,1,1501.35,220.42,225.64,430.21,0.87,3,1,1
250,2,1831.90,572.41,130.39,98.64,0.80,3,1,1
251,1,1504.24,219.62,228.65,428.75,0.87,3,1,1
251,2,1833.09,573.13,134.14,101.56,0.80,3,1,1
252,1,1504.02,221.60,227.54,432.20,0.87,3,1,1
252,2,1837.26,573.04,130.93,100.73,0.80,3,1,1
253,1,1503.21,220.61,228.13,431.22,0.87,3,1,1
253,2,1837.72,572.35,131.99,102.86,0.79,3,1,1
254,1,1505.03,221.67,228.24,434.31,0.86,3,1,1
254,2,1839.51,569.49,131.20,103.28,0.81,3,1,1
255,1,1508.20,221.03,228.38,431.61,0.85,3,1,1
255,2,1840.23,569.16,133.74,104.51,0.80,3,1,1
256,1,1508.11,223.13,227.06,434.25,0.85,3,1,1
256,2,1842.43,566.37,130.43,103.53,0.80,3,1,1
257,1,1510.37,219.38,230.52,427.61,0.86,3,1,1
257,2,1844.11,564.07,128.34,105.37,0.80,3,1,1
258,1,1511.08,219.00,231.95,426.49,0.85,3,1,1
258,2,1844.98,563.12,130.66,105.93,0.79,3,1,1
259,1,1510.40,218.94,233.88,426.66,0.85,3,1,1
259,2,1845.88,561.08,131.59,102.66,0.79,3,1,1
260,1,1512.73,218.37,228.16,425.49,0.84,3,1,1
260,2,1847.08,560.46,132.51,103.72,0.82,3,1,1
261,1,1511.66,217.30,225.83,424.06,0.84,3,1,1
261,2,1848.35,559.83,132.27,103.79,0.82,3,1,1
262,1,1511.39,216.96,227.16,423.30,0.84,3,1,1
262,2,1848.20,558.23,132.66,102.52,0.81,3,1,1
263,1,1510.94,216.78,227.82,422.21,0.84,3,1,1
263,2,1849.59,556.70,131.23,103.50,0.81,3,1,1
264,1,1511.08,216.47,228.01,421.54,0.84,3,1,1
264,2,1850.05,555.69,133.52,104.16,0.81,3,1,1
265,1,1510.53,215.92,229.38,421.25,0.84,3,1,1
265,2,1849.53,554.53,133.69,102.61,0.80,3,1,1
266,1,1510.86,216.25,228.73,420.39,0.84,3,1,1
266,2,1849.57,553.69,132.23,107.99,0.79,3,1,1
267,1,1509.75,215.60,229.70,419.47,0.83,3,1,1
267,2,1850.50,550.85,130.69,103.32,0.80,3,1,1
268,1,1509.92,215.28,230.29,418.16,0.83,3,1,1
268,2,1850.67,550.53,129.91,103.53,0.79,3,1,1
269,1,1508.48,215.08,231.12,418.76,0.84,3,1,1
269,2,1851.40,549.51,131.01,106.47,0.79,3,1,1
270,1,1509.33,213.83,230.32,416.42,0.84,3,1,1
270,2,1852.27,547.80,131.29,103.86,0.78,3,1,1
271,1,1509.49,214.01,230.26,417.09,0.84,3,1,1
271,2,1850.99,546.95,132.76,103.69,0.79,3,1,1
272,1,1508.82,214.12,231.32,418.30,0.84,3,1,1
272,2,1852.50,545.07,129.30,103.04,0.78,3,1,1
273,1,1509.20,213.14,229.17,415.91,0.85,3,1,1
273,2,1852.50,545.02,130.17,102.98,0.78,3,1,1
274,1,1508.65,212.58,229.11,413.55,0.83,3,1,1
274,2,1853.20,544.68,129.63,105.25,0.82,3,1,1
275,1,1510.01,212.91,227.70,413.66,0.85,3,1,1
275,2,1853.05,543.95,129.42,105.38,0.80,3,1,1
276,1,1509.15,211.13,227.65,409.33,0.85,3,1,1
276,2,1853.21,541.40,128.37,103.39,0.79,3,1,1
277,1,1510.28,211.65,228.09,413.96,0.86,3,1,1
277,2,1852.80,538.60,128.73,102.02,0.77,3,1,1
278,1,1510.27,211.29,228.50,414.20,0.86,3,1,1
278,2,1853.42,538.69,129.20,103.06,0.80,3,1,1
279,1,1509.10,211.09,228.46,413.77,0.86,3,1,1
279,2,1853.39,536.95,129.22,101.67,0.81,3,1,1
280,1,1509.53,210.40,227.42,411.84,0.87,3,1,1
280,2,1853.21,535.85,130.14,101.76,0.79,3,1,1
281,1,1509.33,209.88,227.89,409.44,0.86,3,1,1
281,2,1853.21,534.26,129.58,103.02,0.80,3,1,1
282,1,1508.73,209.66,228.96,409.19,0.87,3,1,1
282,2,1853.09,533.22,128.25,101.01,0.80,3,1,1
283,1,1508.73,208.00,229.19,406.36,0.86,3,1,1
283,2,1852.07,532.65,126.76,103.97,0.80,3,1,1
284,1,1507.73,208.11,230.77,407.66,0.85,3,1,1
284,2,1852.27,531.56,127.62,105.77,0.79,3,1,1
285,1,1506.51,203.62,231.55,399.32,0.85,3,1,1
285,2,1852.15,530.40,128.44,107.04,0.79,3,1,1
286,1,1506.36,204.83,231.62,401.74,0.85,3,1,1
286,2,1851.90,526.32,129.05,106.03,0.79,3,1,1
287,1,1507.11,204.13,230.50,400.71,0.86,3,1,1
287,2,1852.24,525.33,128.96,104.56,0.80,3,1,1
288,1,1506.75,204.07,232.44,399.90,0.87,3,1,1
288,2,1852.57,524.97,128.22,106.68,0.80,3,1,1
289,1,1507.53,201.82,230.57,395.53,0.87,3,1,1
289,2,1852.31,522.70,130.02,104.63,0.81,3,1,1
290,1,1507.67,202.77,230.03,396.68,0.86,3,1,1
290,2,1852.55,521.48,131.30,106.48,0.80,3,1,1
291,1,1506.18,202.97,231.20,397.43,0.86,3,1,1
291,2,1852.50,520.69,133.11,105.57,0.81,3,1,1
292,1,1506.80,202.21,231.63,396.99,0.85,3,1,1
292,2,1852.66,519.42,132.97,104.93,0.82,3,1,1
293,1,1506.82,201.88,230.98,395.97,0.86,3,1,1
293,2,1853.29,518.37,131.14,106.28,0.82,3,1,1
294,1,1504.43,198.79,232.45,390.80,0.86,3,1,1
294,2,1852.72,517.41,132.92,107.65,0.83,3,1,1
295,1,1507.55,198.51,228.61,389.49,0.86,3,1,1
295,2,1852.52,514.63,131.67,103.73,0.83,3,1,1
296,1,1506.99,199.27,229.16,391.48,0.85,3,1,1
296,2,1852.19,513.90,133.34,105.22,0.83,3,1,1
297,1,1505.21,199.11,232.48,391.93,0.85,3,1,1
297,2,1852.39,512.53,132.67,105.93,0.83,3,1,1
298,1,1503.86,198.46,230.48,390.88,0.85,3,1,1
298,2,1852.45,512.83,132.42,106.83,0.83,3,1,1
299,1,1504.52,198.37,235.17,391.59,0.86,3,1,1
299,2,1851.85,511.13,133.97,106.71,0.83,3,1,1
300,1,1505.00,198.41,231.55,391.42,0.86,3,1,1
300,2,1851.80,510.68,133.92,107.64,0.83,3,1,1
301,1,1502.63,198.66,232.08,392.28,0.86,3,1,1
301,2,1851.81,509.19,133.66,105.94,0.82,3,1,1
302,1,1502.35,196.57,231.96,388.85,0.85,3,1,1
302,2,1852.47,508.86,132.17,106.35,0.81,3,1,1
303,1,1502.15,195.43,232.30,386.80,0.85,3,1,1
303,2,1852.64,506.46,132.21,103.77,0.81,3,1,1
304,1,1502.17,194.66,232.82,385.07,0.85,3,1,1
304,2,1852.15,505.48,132.34,105.37,0.81,3,1,1
305,1,1502.89,193.62,232.25,382.63,0.84,3,1,1
305,2,1851.14,502.53,131.78,103.67,0.80,3,1,1
306,1,1503.31,193.63,231.26,382.84,0.84,3,1,1
306,2,1851.25,501.28,134.04,102.78,0.80,3,1,1
307,1,1501.60,194.11,234.12,382.79,0.85,3,1,1
307,2,1852.12,501.02,131.81,104.88,0.80,3,1,1
308,1,1500.08,191.51,236.85,378.09,0.85,3,1,1
308,2,1852.75,498.65,133.08,104.51,0.80,3,1,1
309,1,1500.66,192.37,235.18,378.86,0.86,3,1,1
309,2,1853.08,496.40,132.16,104.03,0.78,3,1,1
310,1,1499.60,192.49,238.30,378.77,0.86,3,1,1
310,2,1852.86,496.39,132.04,104.12,0.79,3,1,1
311,1,1501.04,192.35,235.58,378.76,0.86,3,1,1
311,2,1852.55,495.70,132.81,105.06,0.79,3,1,1
312,1,1501.04,192.35,235.58,378.76,0.86,3,1,1
312,2,1852.55,495.70,132.81,105.06,0.79,3,1,1
313,1,1500.63,192.80,236.13,379.55,0.87,3,1,1
313,2,1852.25,494.49,132.94,106.67,0.81,3,1,1
314,1,1500.21,191.76,236.73,377.45,0.86,3,1,1
314,2,1852.84,493.91,132.52,105.99,0.80,3,1,1
315,1,1500.45,192.20,236.33,378.03,0.86,3,1,1
315,2,1852.59,492.23,132.73,102.58,0.80,3,1,1
316,1,1498.42,191.62,235.46,378.20,0.87,3,1,1
316,2,1851.98,491.99,133.91,102.43,0.79,3,1,1
317,1,1498.98,190.80,235.34,377.57,0.87,3,1,1
317,2,1852.81,491.99,132.71,102.73,0.80,3,1,1
318,1,1497.13,190.65,234.13,376.58,0.87,3,1,1
318,2,1852.17,491.24,133.79,102.11,0.80,3,1,1
319,1,1497.67,190.24,237.17,376.26,0.88,3,1,1
319,2,1851.94,490.50,133.87,101.06,0.79,3,1,1
320,1,1496.73,190.27,238.89,376.14,0.87,3,1,1
320,2,1852.47,490.75,133.17,100.99,0.79,3,1,1
321,1,1496.91,190.10,238.47,375.92,0.87,3,1,1
321,2,1852.55,490.32,132.58,101.31,0.79,3,1,1
322,1,1496.00,190.06,237.67,375.53,0.87,3,1,1
322,2,1852.28,490.21,133.11,101.31,0.79,3,1,1
323,1,1497.38,190.27,234.97,376.85,0.87,3,1,1
323,2,1852.01,490.06,133.53,100.82,0.80,3,1,1
324,1,1496.47,191.30,237.29,379.73,0.87,3,1,1
324,2,1850.82,490.61,134.77,102.28,0.80,3,1,1
325,1,1497.82,190.90,234.81,378.47,0.87,3,1,1
325,2,1850.39,490.40,135.92,102.28,0.79,3,1,1
326,1,1495.38,191.15,234.39,379.27,0.87,3,1,1
326,2,1849.26,490.03,138.45,102.47,0.80,3,1,1
327,1,1494.40,191.51,235.13,379.66,0.87,3,1,1
327,2,1849.34,490.60,138.10,103.34,0.80,3,1,1
328,1,1493.01,191.48,237.20,379.52,0.86,3,1,1
328,2,1849.55,491.29,137.70,104.23,0.81,3,1,1
329,1,1492.48,191.01,237.61,379.04,0.86,3,1,1
329,2,1849.43,491.06,138.07,103.37,0.81,3,1,1
330,1,1492.05,191.07,239.38,379.08,0.86,3,1,1
330,2,1849.47,492.13,138.09,104.13,0.81,3,1,1
331,1,1491.86,191.17,240.03,379.44,0.86,3,1,1
331,2,1849.29,492.58,138.85,104.37,0.81,3,1,1
332,1,1493.91,191.31,235.61,379.86,0.86,3,1,1
332,2,1849.25,493.45,138.28,103.56,0.80,3,1,1
333,1,1495.10,191.15,232.41,378.95,0.86,3,1,1
333,2,1849.09,493.32,138.34,105.21,0.81,3,1,1
334,1,1495.00,191.09,233.14,378.76,0.86,3,1,1
334,2,1849.03,493.34,138.77,105.94,0.81,3,1,1
335,1,1495.75,190.90,231.53,378.71,0.86,3,1,1
335,2,1848.75,493.21,139.84,105.39,0.81,3,1,1
336,1,1495.14,190.25,232.31,377.13,0.86,3,1,1
336,2,1848.99,493.05,138.39,105.53,0.81,3,1,1
337,1,1494.03,190.75,230.19,377.87,0.86,3,1,1
337,2,1848.58,492.83,139.62,104.63,0.81,3,1,1
338,1,1492.75,190.95,235.28,378.47,0.84,3,1,1
338,2,1848.75,494.02,139.54,107.17,0.81,3,1,1
339,1,1492.80,191.46,230.98,378.53,0.85,3,1,1
339,2,1848.90,493.65,138.69,105.98,0.81,3,1,1
340,1,1492.77,191.52,230.71,378.66,0.85,3,1,1
340,2,1848.95,493.65,138.75,105.84,0.81,3,1,1
341,1,1494.41,190.25,230.25,376.65,0.85,3,1,1
341,2,1848.77,494.16,139.09,105.87,0.81,3,1,1
342,1,1492.90,190.27,231.44,377.34,0.86,3,1,1
342,2,1848.52,494.06,138.53,106.42,0.81,3,1,1
343,1,1493.12,190.12,230.18,377.55,0.87,3,1,1
343,2,1848.56,494.21,138.58,106.96,0.81,3,1,1
344,1,1494.68,190.58,229.88,377.62,0.86,3,1,1
344,2,1848.70,494.65,138.39,106.42,0.81,3,1,1
345,1,1495.05,190.70,229.28,377.44,0.86,3,1,1
345,2,1848.01,494.35,139.00,105.86,0.81,3,1,1
346,1,1496.26,190.09,226.50,376.13,0.86,3,1,1
346,2,1848.34,494.42,138.43,105.63,0.81,3,1,1
347,1,1495.13,189.73,228.54,376.37,0.86,3,1,1
347,2,1849.21,494.76,136.92,105.44,0.81,3,1,1
348,1,1496.59,188.66,225.76,373.68,0.87,3,1,1
348,2,1849.40,494.24,136.69,104.73,0.81,3,1,1
349,1,1492.52,190.47,233.19,375.54,0.86,3,1,1
349,2,1850.15,495.07,135.62,106.73,0.81,3,1,1
350,1,1493.76,190.29,232.04,375.22,0.86,3,1,1
350,2,1850.16,494.58,135.58,106.58,0.81,3,1,1
351,1,1494.60,191.59,229.66,375.59,0.86,3,1,1
351,2,1850.17,494.82,134.24,106.89,0.81,3,1,1
352,1,1494.43,191.79,229.61,377.22,0.86,3,1,1
352,2,1850.21,494.87,135.26,107.67,0.80,3,1,1
353,1,1494.55,191.60,230.52,376.90,0.86,3,1,1
353,2,1850.30,495.20,135.13,108.08,0.80,3,1,1
354,1,1495.20,191.53,229.00,375.61,0.86,3,1,1
354,2,1850.34,494.99,135.26,108.57,0.80,3,1,1
355,1,1494.43,191.55,229.72,375.67,0.86,3,1,1
355,2,1850.04,494.30,135.91,107.66,0.80,3,1,1
356,1,1494.39,192.21,228.70,376.26,0.86,3,1,1
356,2,1849.88,494.38,135.59,107.37,0.80,3,1,1
357,1,1494.91,191.12,229.03,375.29,0.86,3,1,1
357,2,1850.01,494.25,135.81,107.46,0.81,3,1,1
358,1,1494.97,191.61,228.75,376.60,0.86,3,1,1
358,2,1849.87,494.37,135.79,106.39,0.80,3,1,1
359,1,1494.99,191.68,228.49,376.56,0.86,3,1,1
359,2,1849.71,494.51,135.74,105.98,0.81,3,1,1
360,1,1495.96,190.94,226.65,374.74,0.86,3,1,1
360,2,1849.94,494.79,135.54,104.77,0.80,3,1,1
361,1,1495.47,191.50,229.14,376.34,0.86,3,1,1
361,2,1849.04,495.02,137.86,106.15,0.81,3,1,1
362,1,1495.14,190.99,228.44,375.57,0.87,3,1,1
362,2,1848.52,495.14,138.54,106.29,0.81,3,1,1
363,1,1495.32,191.26,229.05,375.39,0.86,3,1,1
363,2,1848.72,495.57,138.39,106.48,0.80,3,1,1
364,1,1494.31,191.73,231.15,376.18,0.85,3,1,1
364,2,1849.05,496.30,138.00,106.23,0.81,3,1,1
365,1,1494.26,191.60,231.91,375.96,0.86,3,1,1
365,2,1848.89,495.77,138.01,105.79,0.80,3,1,1
366,1,1494.49,191.61,231.92,375.34,0.86,3,1,1
366,2,1849.69,496.95,137.10,105.97,0.81,3,1,1
367,1,1494.50,192.19,232.59,375.86,0.86,3,1,1
367,2,1849.43,496.05,136.49,104.57,0.80,3,1,1
368,1,1494.45,192.45,231.69,375.88,0.86,3,1,1
368,2,1849.23,496.40,136.22,104.58,0.79,3,1,1
369,1,1494.90,191.37,231.93,375.24,0.85,3,1,1
369,2,1849.64,497.19,136.09,104.89,0.80,3,1,1
370,1,1493.78,191.80,231.92,376.55,0.86,3,1,1
370,2,1848.53,497.64,137.79,104.74,0.80,3,1,1
371,1,1493.03,191.71,233.31,376.98,0.86,3,1,1
371,2,1848.67,497.47,137.40,104.34,0.80,3,1,1
372,1,1494.06,191.76,231.68,377.01,0.86,3,1,1
372,2,1849.12,498.56,137.08,103.79,0.80,3,1,1
373,1,1492.34,191.24,232.35,376.43,0.87,3,1,1
373,2,1848.78,498.13,136.87,104.22,0.80,3,1,1
374,1,1491.43,190.95,234.25,377.02,0.87,3,1,1
374,2,1848.52,498.63,138.50,105.71,0.81,3,1,1
375,1,1489.80,190.88,237.38,377.36,0.86,3,1,1
375,2,1848.88,498.81,137.70,105.22,0.81,3,1,1
376,1,1490.86,192.06,234.06,378.74,0.87,3,1,1
376,2,1848.17,499.56,138.01,105.60,0.80,3,1,1
377,1,1491.57,191.74,235.26,378.51,0.87,3,1,1
377,2,1848.78,499.80,137.35,106.08,0.80,3,1,1
378,1,1491.43,191.77,234.97,378.93,0.87,3,1,1
378,2,1848.08,500.52,138.83,105.52,0.79,3,1,1
379,1,1494.14,191.87,228.93,378.43,0.87,3,1,1
379,2,1848.67,500.12,136.94,104.62,0.80,3,1,1
380,1,1494.41,191.90,229.44,377.90,0.86,3,1,1
380,2,1847.60,500.26,138.90,105.62,0.80,3,1,1
381,1,1494.01,191.90,230.11,377.86,0.86,3,1,1
381,2,1847.71,500.83,138.47,104.55,0.80,3,1,1
382,1,1495.32,192.48,225.59,378.69,0.87,3,1,1
382,2,1847.31,501.19,139.12,104.95,0.80,3,1,1
383,1,1494.26,191.67,228.77,377.47,0.86,3,1,1
383,2,1847.57,500.77,138.85,104.05,0.80,3,1,1
384,1,1493.52,192.38,228.82,378.50,0.86,3,1,1
384,2,1847.57,500.56,138.34,104.44,0.80,3,1,1
385,1,1495.40,191.79,223.57,376.15,0.86,3,1,1
385,2,1847.91,501.09,138.49,104.61,0.80,3,1,1
386,1,1494.79,191.68,228.58,376.95,0.85,3,1,1
386,2,1848.25,500.95,138.25,105.04,0.80,3,1,1
387,1,1495.20,192.24,227.39,377.88,0.86,3,1,1
387,2,1848.39,500.94,137.97,104.66,0.80,3,1,1
388,1,1495.29,192.66,226.71,379.81,0.86,3,1,1
388,2,1848.12,501.34,138.65,105.94,0.80,3,1,1
389,1,1495.40,192.35,228.18,379.20,0.85,3,1,1
389,2,1847.94,500.60,136.24,105.00,0.80,3,1,1
390,1,1495.58,192.07,228.43,378.63,0.85,3,1,1
390,2,1848.14,500.21,136.45,105.25,0.80,3,1,1
391,1,1495.98,192.20,226.33,378.80,0.85,3,1,1
391,2,1848.14,500.28,136.04,106.53,0.80,3,1,1
392,1,1494.17,192.02,230.65,379.06,0.85,3,1,1
392,2,1848.83,500.00,135.49,106.23,0.80,3,1,1
393,1,1493.89,192.15,230.10,379.25,0.85,3,1,1
393,2,1849.13,499.81,134.98,106.44,0.81,3,1,1
394,1,1495.58,191.74,227.42,378.54,0.85,3,1,1
394,2,1849.05,499.33,135.26,107.84,0.81,3,1,1
395,1,1493.61,192.06,231.78,379.23,0.86,3,1,1
395,2,1848.57,498.76,136.42,108.85,0.81,3,1,1
396,1,1493.91,192.05,231.08,379.67,0.86,3,1,1
396,2,1848.52,498.72,136.30,109.03,0.81,3,1,1
397,1,1495.39,191.93,226.94,379.16,0.85,3,1,1
397,2,1848.14,498.27,136.99,109.70,0.81,3,1,1
398,1,1494.86,191.44,229.01,378.59,0.85,3,1,1
398,2,1847.90,497.49,138.17,109.03,0.79,3,1,1
399,1,1492.78,191.63,230.33,379.91,0.87,3,1,1
399,2,1846.95,496.10,138.69,107.85,0.79,3,1,1
400,1,1493.78,191.60,233.21,378.67,0.86,3,1,1
400,2,1847.09,496.52,139.31,108.33,0.79,3,1,1
401,1,1493.62,190.93,230.73,377.31,0.87,3,1,1
401,2,1847.63,496.13,138.80,108.56,0.80,3,1,1
402,1,1493.50,190.83,231.97,377.45,0.87,3,1,1
402,2,1847.75,494.67,138.07,107.54,0.79,3,1,1
403,1,1493.21,190.91,232.21,377.35,0.86,3,1,1
403,2,1847.78,494.16,137.01,106.93,0.79,3,1,1
404,1,1494.05,190.80,231.30,376.98,0.86,3,1,1
404,2,1847.77,493.16,137.14,105.74,0.80,3,1,1
405,1,1492.79,191.00,232.30,377.24,0.86,3,1,1
405,2,1847.05,492.20,139.41,104.88,0.79,3,1,1
406,1,1493.20,191.12,232.06,377.51,0.85,3,1,1
406,2,1847.55,491.39,138.54,103.70,0.79,3,1,1
407,1,1492.12,191.09,233.40,377.53,0.86,3,1,1
407,2,1848.02,491.56,138.44,104.16,0.79,3,1,1
408,1,1491.67,191.82,233.81,378.75,0.86,3,1,1
408,2,1848.44,492.26,138.50,106.59,0.80,3,1,1
409,1,1492.38,191.46,232.74,378.82,0.86,3,1,1
409,2,1848.28,492.96,138.87,107.40,0.81,3,1,1
410,1,1492.64,191.35,233.71,378.41,0.86,3,1,1
410,2,1848.79,493.29,138.05,107.81,0.80,3,1,1
411,1,1492.07,191.22,234.97,378.95,0.87,3,1,1
411,2,1849.14,493.13,137.41,107.61,0.81,3,1,1
412,1,1491.72,191.17,236.65,378.95,0.87,3,1,1
412,2,1849.02,492.56,137.45,106.52,0.81,3,1,1
413,1,1493.32,190.57,233.33,376.65,0.87,3,1,1
413,2,1848.59,492.03,137.15,105.81,0.81,3,1,1
414,1,1492.39,190.93,236.87,377.57,0.86,3,1,1
414,2,1848.73,492.36,137.70,106.60,0.81,3,1,1
415,1,1492.68,190.99,235.92,377.90,0.86,3,1,1
415,2,1848.69,492.32,137.75,106.24,0.81,3,1,1
416,1,1494.07,189.73,230.70,374.84,0.87,3,1,1
416,2,1848.50,492.22,138.10,105.07,0.80,3,1,1
417,1,1492.80,190.32,234.34,375.81,0.86,3,1,1
417,2,1848.28,492.16,139.09,105.26,0.80,3,1,1
418,1,1492.31,190.36,236.67,376.05,0.86,3,1,1
418,2,1848.28,492.18,138.70,105.58,0.80,3,1,1
419,1,1492.26,190.63,233.99,375.57,0.87,3,1,1
419,2,1848.38,491.85,138.05,104.63,0.80,3,1,1
420,1,1493.23,190.90,234.45,376.09,0.87,3,1,1
420,2,1848.09,491.77,138.76,104.64,0.80,3,1,1
421,1,1492.83,190.66,234.53,375.73,0.87,3,1,1
421,2,1848.44,492.41,138.39,106.79,0.80,3,1,1
422,1,1492.86,190.02,234.78,374.93,0.87,3,1,1
422,2,1849.03,492.42,136.41,104.89,0.80,3,1,1
423,1,1493.23,190.51,233.01,375.97,0.87,3,1,1
423,2,1848.84,492.72,136.30,106.12,0.81,3,1,1
424,1,1493.07,190.00,233.34,376.60,0.87,3,1,1
424,2,1849.07,494.35,137.05,108.04,0.81,3,1,1
425,1,1495.81,190.16,230.46,376.57,0.86,3,1,1
425,2,1848.96,494.88,137.98,108.07,0.81,3,1,1
426,1,1496.26,188.56,226.76,373.92,0.86,3,1,1
426,2,1848.77,494.88,135.83,106.46,0.82,3,1,1
427,1,1494.95,189.60,229.61,375.63,0.85,3,1,1
427,2,1848.51,494.81,135.70,106.39,0.81,3,1,1
428,1,1494.78,189.31,229.33,374.96,0.86,3,1,1
428,2,1848.48,494.96,135.45,106.20,0.81,3,1,1
429,1,1495.00,188.78,227.40,374.00,0.85,3,1,1
429,2,1848.41,495.12,135.42,106.58,0.81,3,1,1
430,1,1494.11,188.70,224.97,373.68,0.85,3,1,1
430,2,1848.11,495.47,135.97,106.81,0.81,3,1,1
431,1,1494.13,188.06,225.25,372.87,0.85,3,1,1
431,2,1848.24,495.57,136.60,106.65,0.81,3,1,1
432,1,1494.24,187.78,226.42,372.60,0.85,3,1,1
432,2,1848.67,495.36,137.25,106.12,0.81,3,1,1
433,1,1493.73,188.97,226.54,374.54,0.85,3,1,1
433,2,1848.61,495.49,137.94,106.28,0.81,3,1,1
434,1,1493.55,188.49,227.66,373.82,0.85,3,1,1
434,2,1848.26,495.44,138.68,106.18,0.81,3,1,1
435,1,1493.91,188.58,227.96,373.31,0.84,3,1,1
435,2,1848.47,495.57,138.37,106.17,0.80,3,1,1
436,1,1492.81,189.69,229.07,375.40,0.84,3,1,1
436,2,1847.92,495.45,138.65,106.12,0.80,3,1,1
437,1,1493.61,190.05,228.59,376.69,0.85,3,1,1
437,2,1848.27,495.84,138.74,106.51,0.80,3,1,1
438,1,1494.49,191.50,227.71,379.13,0.85,3,1,1
438,2,1848.40,495.30,138.02,106.05,0.80,3,1,1
439,1,1491.90,190.55,232.60,377.51,0.85,3,1,1
439,2,1848.51,494.91,137.62,107.12,0.80,3,1,1
440,1,1491.24,190.01,234.01,376.87,0.84,3,1,1
440,2,1848.40,494.31,138.03,107.42,0.80,3,1,1
441,1,1491.47,191.22,237.57,379.60,0.85,3,1,1
441,2,1848.76,494.01,137.03,108.01,0.81,3,1,1
442,1,1493.93,190.82,240.59,379.25,0.85,3,1,1
442,2,1848.51,492.75,137.89,105.62,0.80,3,1,1
443,1,1490.58,190.46,238.39,377.29,0.86,3,1,1
443,2,1848.49,492.09,138.39,105.74,0.80,3,1,1
444,1,1492.41,189.96,235.25,375.52,0.86,3,1,1
444,2,1848.45,491.82,138.63,105.52,0.80,3,1,1
445,1,1492.12,190.31,236.53,377.44,0.84,3,1,1
445,2,1847.88,491.16,139.43,106.59,0.80,3,1,1
446,1,1492.31,190.27,237.86,377.44,0.85,3,1,1
446,2,1847.81,491.47,139.69,106.11,0.80,3,1,1
447,1,1492.88,190.56,236.82,378.09,0.85,3,1,1
447,2,1847.92,491.03,139.55,107.60,0.81,3,1,1
448,1,1489.98,189.49,238.88,375.87,0.85,3,1,1
448,2,1847.53,491.24,140.11,106.57,0.81,3,1,1
449,1,1487.98,187.90,237.76,371.78,0.87,3,1,1
449,2,1848.01,491.77,138.66,107.03,0.81,3,1,1
450,1,1488.72,186.91,236.53,369.73,0.86,3,1,1
450,2,1847.46,491.06,138.35,106.19,0.81,3,1,1
451,1,1489.38,189.93,235.75,375.35,0.87,3,1,1
451,2,1846.85,490.04,138.24,104.58,0.81,3,1,1
452,1,1485.83,189.90,244.06,375.10,0.86,3,1,1
452,2,1847.41,489.77,137.95,104.32,0.81,3,1,1
453,1,1484.99,190.16,244.99,375.59,0.85,3,1,1
453,2,1847.58,489.79,137.93,104.02,0.81,3,1,1
454,1,1489.31,189.94,237.43,375.70,0.86,3,1,1
454,2,1847.01,490.06,138.11,104.62,0.81,3,1,1
455,1,1484.81,190.73,245.66,377.25,0.86,3,1,1
455,2,1847.37,489.36,137.27,105.04,0.80,3,1,1
456,1,1485.47,190.58,244.66,377.00,0.86,3,1,1
456,2,1847.01,489.08,137.59,104.40,0.80,3,1,1
457,1,1490.57,189.33,236.30,374.50,0.87,3,1,1
457,2,1846.66,489.61,137.89,105.52,0.80,3,1,1
458,1,1485.25,190.30,247.16,376.14,0.86,3,1,1
458,2,1846.86,489.82,138.40,104.64,0.80,3,1,1
459,1,1489.14,189.57,237.91,374.66,0.87,3,1,1
459,2,1846.37,490.31,139.57,104.49,0.80,3,1,1
460,1,1490.52,188.14,236.99,371.78,0.88,3,1,1
460,2,1846.72,491.28,138.84,105.33,0.80,3,1,1
461,1,1485.21,189.76,247.22,375.82,0.87,3,1,1
461,2,1847.31,491.60,138.14,105.40,0.80,3,1,1
462,1,1483.60,189.48,245.11,374.54,0.87,3,1,1
462,2,1847.13,492.53,138.17,107.21,0.80,3,1,1
463,1,1484.67,188.48,244.78,373.29,0.86,3,1,1
463,2,1847.02,492.91,139.49,108.66,0.81,3,1,1
464,1,1491.06,190.97,233.01,377.67,0.87,3,1,1
464,2,1845.60,492.51,139.79,107.48,0.81,3,1,1
465,1,1489.48,190.31,237.10,375.87,0.86,3,1,1
465,2,1845.47,492.39,141.34,107.14,0.81,3,1,1
466,1,1487.48,190.03,244.04,375.68,0.85,3,1,1
466,2,1845.67,492.80,142.81,108.05,0.81,3,1,1
467,1,1486.36,190.03,242.33,376.56,0.85,3,1,1
467,2,1845.20,492.05,141.92,106.26,0.81,3,1,1
468,1,1486.36,190.03,242.33,376.56,0.85,3,1,1
468,2,1845.20,492.05,141.92,106.26,0.81,3,1,1
469,1,1486.79,189.41,241.25,375.47,0.86,3,1,1
469,2,1844.83,492.48,142.72,107.24,0.81,3,1,1
470,1,1487.80,190.21,234.88,376.15,0.86,3,1,1
470,2,1844.70,493.15,143.44,107.90,0.81,3,1,1
471,1,1490.68,189.57,231.29,374.41,0.87,3,1,1
471,2,1844.37,493.57,144.00,108.23,0.80,3,1,1
472,1,1489.55,188.08,234.10,371.58,0.87,3,1,1
472,2,1843.59,494.45,145.55,109.09,0.81,3,1,1
473,1,1492.36,185.99,224.28,368.04,0.87,3,1,1
473,2,1843.85,494.91,144.85,108.95,0.81,3,1,1
474,1,1492.17,186.91,224.89,369.28,0.88,3,1,1
474,2,1843.82,495.33,143.69,108.93,0.81,3,1,1
475,1,1489.85,189.56,234.14,373.37,0.87,3,1,1
475,2,1843.27,496.26,142.87,107.82,0.80,3,1,1
476,1,1489.73,188.60,234.53,370.45,0.87,3,1,1
476,2,1843.05,496.47,143.83,108.45,0.80,3,1,1
477,1,1489.64,189.01,234.65,371.66,0.87,3,1,1
477,2,1842.78,496.90,144.04,109.69,0.79,3,1,1
478,1,1490.19,188.56,233.33,371.66,0.88,3,1,1
478,2,1842.34,496.77,145.75,108.67,0.79,3,1,1
479,1,1489.88,188.25,234.38,370.49,0.87,3,1,1
479,2,1842.55,497.27,146.17,109.01,0.80,3,1,1
480,1,1489.71,188.11,235.14,369.82,0.87,3,1,1
480,2,1842.28,497.26,145.00,108.25,0.80,3,1,1
481,1,1489.67,188.06,235.03,369.74,0.87,3,1,1
481,2,1842.10,497.55,145.42,107.95,0.80,3,1,1
482,1,1490.57,187.99,234.89,369.68,0.87,3,1,1
482,2,1842.02,497.61,143.98,107.64,0.80,3,1,1
483,1,1490.94,189.28,232.95,372.62,0.87,3,1,1
483,2,1842.20,498.03,145.20,107.73,0.81,3,1,1
484,1,1490.86,190.01,233.47,373.87,0.87,3,1,1
484,2,1842.38,498.75,144.75,108.39,0.80,3,1,1
485,1,1489.91,189.60,235.55,372.93,0.87,3,1,1
485,2,1843.03,498.76,143.68,107.18,0.80,3,1,1
486,1,1489.91,189.58,235.06,373.59,0.87,3,1,1
486,2,1843.27,498.83,142.00,107.44,0.79,3,1,1
487,1,1489.94,190.06,235.00,374.49,0.87,3,1,1
487,2,1843.13,499.49,141.58,106.45,0.79,3,1,1
488,1,1489.24,189.81,236.71,373.97,0.87,3,1,1
488,2,1842.27,499.19,137.60,105.24,0.79,3,1,1
489,1,1488.61,189.99,236.18,373.82,0.86,3,1,1
489,2,1842.21,499.47,138.20,105.55,0.79,3,1,1
490,1,1488.83,189.77,236.67,373.70,0.86,3,1,1
490,2,1842.25,499.74,137.73,105.71,0.79,3,1,1
491,1,1489.30,189.70,236.42,373.28,0.87,3,1,1
491,2,1841.61,500.36,138.20,104.30,0.79,3,1,1
492,1,1490.30,189.70,235.25,374.13,0.87,3,1,1
492,2,1842.47,500.98,137.73,105.48,0.79,3,1,1
493,1,1489.00,189.57,237.42,374.09,0.87,3,1,1
493,2,1842.70,501.29,137.70,105.95,0.79,3,1,1
494,1,1490.00,189.43,235.11,374.33,0.87,3,1,1
494,2,1842.46,501.48,138.67,104.98,0.78,3,1,1
495,1,1489.55,189.59,235.98,374.46,0.87,3,1,1
495,2,1842.57,501.02,142.08,106.54,0.78,3,1,1
496,1,1489.92,189.01,236.87,374.82,0.87,3,1,1
496,2,1843.06,501.82,138.51,107.06,0.79,3,1,1
497,1,1489.65,188.71,236.56,374.48,0.87,3,1,1
497,2,1843.16,501.22,142.09,107.11,0.78,3,1,1
498,1,1490.91,187.88,235.01,372.50,0.86,3,1,1
498,2,1841.60,500.92,144.73,106.07,0.79,3,1,1
499,1,1491.53,188.47,237.73,373.33,0.85,3,1,1
499,2,1843.08,500.02,145.20,106.58,0.79,3,1,1
500,1,1492.36,189.14,233.98,373.84,0.86,3,1,1
500,2,1843.20,500.10,144.43,105.79,0.80,3,1,1
501,1,1494.37,188.46,232.03,372.31,0.87,3,1,1
501,2,1844.17,499.74,142.06,105.24,0.81,3,1,1
502,1,1493.65,188.45,233.07,372.15,0.87,3,1,1
502,2,1843.17,498.58,143.58,106.12,0.81,3,1,1
503,1,1494.33,189.64,231.28,374.47,0.87,3,1,1
503,2,1843.07,498.87,143.90,106.53,0.81,3,1,1
504,1,1493.91,190.41,230.94,376.13,0.87,3,1,1
504,2,1843.61,498.64,142.91,106.32,0.82,3,1,1
505,1,1492.81,190.29,232.48,375.77,0.87,3,1,1
505,2,1843.07,497.98,145.32,107.41,0.81,3,1,1
506,1,1492.23,190.14,233.55,375.72,0.87,3,1,1
506,2,1843.33,497.89,144.51,107.49,0.81,3,1,1
507,1,1492.26,190.32,233.98,375.90,0.87,3,1,1
507,2,1844.27,497.38,144.10,108.11,0.81,3,1,1
508,1,1492.20,190.56,233.98,375.53,0.86,3,1,1
508,2,1844.39,496.66,142.53,107.93,0.80,3,1,1
509,1,1491.63,190.96,233.01,376.73,0.87,3,1,1
509,2,1844.04,496.09,141.78,107.92,0.81,3,1,1
510,1,1490.10,190.55,234.32,376.28,0.87,3,1,1
510,2,1844.64,495.88,142.47,108.16,0.80,3,1,1
511,1,1490.01,190.41,236.18,376.36,0.87,3,1,1
511,2,1843.52,494.91,144.99,108.13,0.80,3,1,1
512,1,1490.67,190.19,236.51,375.34,0.86,3,1,1
512,2,1843.79,494.10,144.90,106.77,0.80,3,1,1
513,1,1489.85,190.38,237.58,375.59,0.86,3,1,1
513,2,1844.21,493.57,145.64,106.27,0.80,3,1,1
514,1,1488.94,190.77,236.86,376.26,0.86,3,1,1
514,2,1843.39,492.35,146.39,106.17,0.80,3,1,1
515,1,1489.67,190.75,237.33,375.70,0.86,3,1,1
515,2,1843.68,491.68,145.88,104.74,0.79,3,1,1
516,1,1488.93,190.65,236.48,375.75,0.87,3,1,1
516,2,1842.91,492.26,147.94,106.25,0.80,3,1,1
517,1,1489.22,190.35,235.46,374.91,0.87,3,1,1
517,2,1843.65,491.23,146.66,106.23,0.80,3,1,1
518,1,1488.70,190.12,234.00,374.39,0.87,3,1,1
518,2,1844.48,491.02,145.79,105.47,0.80,3,1,1
519,1,1489.81,190.35,235.22,375.04,0.87,3,1,1
519,2,1844.38,490.80,145.87,106.33,0.80,3,1,1
520,1,1490.99,190.57,234.72,375.56,0.87,3,1,1
520,2,1843.73,490.37,146.71,107.37,0.81,3,1,1
521,1,1493.02,190.39,231.72,375.30,0.87,3,1,1
521,2,1843.05,489.64,146.80,105.85,0.80,3,1,1
522,1,1494.34,190.11,228.42,374.74,0.87,3,1,1
522,2,1843.15,489.40,147.77,105.56,0.80,3,1,1
523,1,1493.35,189.10,228.04,372.75,0.87,3,1,1
523,2,1843.58,489.73,145.62,105.25,0.79,3,1,1
524,1,1489.53,191.96,228.93,377.31,0.87,3,1,1
524,2,1843.00,488.26,144.84,104.99,0.79,3,1,1
525,1,1488.58,189.18,232.00,372.63,0.88,3,1,1
525,2,1844.05,488.50,141.58,104.50,0.79,3,1,1
526,1,1489.02,190.35,233.11,376.20,0.87,3,1,1
526,2,1843.82,489.77,143.08,107.34,0.80,3,1,1
527,1,1488.39,190.26,232.58,375.08,0.87,3,1,1
527,2,1844.16,490.43,143.29,108.68,0.81,3,1,1
528,1,1488.04,190.73,233.17,376.04,0.87,3,1,1
528,2,1844.42,490.41,142.65,108.97,0.81,3,1,1
529,1,1489.31,190.69,233.38,376.77,0.87,3,1,1
529,2,1843.88,490.81,144.26,109.50,0.82,3,1,1
530,1,1488.34,189.11,230.82,373.04,0.87,3,1,1
530,2,1844.11,491.57,144.45,110.05,0.82,3,1,1
531,1,1488.75,188.24,230.64,370.99,0.87,3,1,1
531,2,1844.38,491.78,143.83,110.81,0.81,3,1,1
532,1,1488.07,188.75,233.80,372.51,0.87,3,1,1
532,2,1843.77,491.69,144.92,109.84,0.81,3,1,1
533,1,1488.00,191.43,232.10,377.63,0.87,3,1,1
533,2,1844.10,491.28,143.86,109.14,0.81,3,1,1
534,1,1488.29,190.87,231.71,376.69,0.87,3,1,1
534,2,1844.19,491.32,143.57,108.49,0.81,3,1,1
535,1,1488.08,191.16,232.81,377.16,0.87,3,1,1
535,2,1843.59,491.36,145.24,108.53,0.81,3,1,1
536,1,1489.12,190.37,232.61,375.85,0.87,3,1,1
536,2,1843.05,492.12,145.34,108.41,0.81,3,1,1
537,1,1488.88,190.30,233.73,375.28,0.87,3,1,1
537,2,1843.28,492.21,144.82,107.79,0.81,3,1,1
538,1,1488.66,190.57,234.92,375.60,0.87,3,1,1
538,2,1842.64,492.07,146.14,107.56,0.81,3,1,1
539,1,1487.67,189.96,235.76,374.38,0.87,3,1,1
539,2,1843.49,492.42,144.63,109.12,0.81,3,1,1
540,1,1487.30,190.36,233.90,374.71,0.87,3,1,1
540,2,1843.51,492.10,145.05,108.33,0.80,3,1,1
541,1,1486.93,189.98,232.71,375.10,0.87,3,1,1
541,2,1842.81,492.13,146.14,109.14,0.81,3,1,1
542,1,1487.28,190.19,230.84,374.71,0.87,3,1,1
542,2,1843.11,490.97,146.20,107.86,0.80,3,1,1
543,1,1486.53,189.73,231.83,374.13,0.87,3,1,1
543,2,1842.27,490.57,147.41,107.02,0.80,3,1,1
544,1,1487.58,189.62,231.96,373.81,0.86,3,1,1
544,2,1842.16,489.77,148.50,106.22,0.80,3,1,1
545,1,1487.84,189.34,232.77,373.09,0.86,3,1,1
545,2,1841.48,489.76,149.55,107.24,0.80,3,1,1
546,1,1488.81,189.42,234.47,373.32,0.86,3,1,1
546,2,1841.66,489.34,149.38,106.77,0.80,3,1,1
547,1,1489.91,189.82,233.00,374.38,0.86,3,1,1
547,2,1841.78,488.93,148.65,105.96,0.80,3,1,1
548,1,1490.82,188.80,230.08,372.08,0.87,3,1,1
548,2,1843.51,488.80,145.48,105.64,0.80,3,1,1
549,1,1490.71,189.03,231.65,373.32,0.86,3,1,1
549,2,1845.16,488.64,144.39,107.72,0.78,3,1,1
550,1,1488.15,188.46,235.81,372.00,0.85,3,1,1
550,2,1845.19,488.83,144.89,107.67,0.79,3,1,1
551,1,1491.31,187.87,232.53,371.26,0.86,3,1,1
551,2,1845.32,488.28,142.46,104.84,0.79,3,1,1
552,1,1490.45,188.16,234.94,371.94,0.86,3,1,1
552,2,1845.44,489.15,143.20,106.76,0.80,3,1,1
553,1,1489.87,188.29,235.38,372.48,0.86,3,1,1
553,2,1845.71,489.02,142.66,106.22,0.79,3,1,1
554,1,1491.69,188.77,231.01,373.36,0.87,3,1,1
554,2,1846.07,489.29,141.70,106.71,0.80,3,1,1
555,1,1490.19,188.03,233.15,371.52,0.87,3,1,1
555,2,1845.90,489.95,141.33,106.18,0.80,3,1,1
556,1,1489.60,188.08,231.40,372.03,0.87,3,1,1
556,2,1846.20,490.33,141.08,105.89,0.80,3,1,1
557,1,1490.98,187.63,231.91,370.81,0.87,3,1,1
557,2,1845.84,490.60,141.84,106.24,0.80,3,1,1
558,1,1489.64,188.06,234.57,371.84,0.87,3,1,1
558,2,1845.42,491.11,142.66,108.62,0.80,3,1,1
559,1,1489.03,188.27,236.30,371.43,0.86,3,1,1
559,2,1844.90,490.82,142.99,108.49,0.80,3,1,1
560,1,1489.01,189.01,233.76,372.45,0.86,3,1,1
560,2,1844.46,490.81,143.12,109.47,0.80,3,1,1
561,1,1488.24,189.34,236.07,373.70,0.86,3,1,1
561,2,1844.26,490.49,143.67,109.36,0.79,3,1,1
562,1,1487.33,189.30,237.49,373.68,0.86,3,1,1
562,2,1844.41,490.59,143.27,109.53,0.79,3,1,1
563,1,1489.23,189.16,230.16,372.92,0.86,3,1,1
563,2,1843.26,490.57,144.77,109.85,0.80,3,1,1
564,1,1488.52,188.91,233.61,372.38,0.86,3,1,1
564,2,1844.16,490.97,145.00,108.11,0.81,3,1,1
565,1,1488.65,188.28,230.59,372.05,0.86,3,1,1
565,2,1844.13,491.23,145.12,108.29,0.81,3,1,1
566,1,1490.15,189.48,231.90,373.73,0.87,3,1,1
566,2,1844.62,491.07,145.04,108.19,0.81,3,1,1
567,1,1488.34,188.97,234.06,373.01,0.86,3,1,1
567,2,1844.93,490.73,143.91,107.17,0.80,3,1,1
568,1,1487.60,189.21,233.98,373.13,0.86,3,1,1
568,2,1844.75,490.66,144.59,106.82,0.80,3,1,1
569,1,1489.11,189.61,231.63,373.57,0.87,3,1,1
569,2,1844.30,490.25,144.51,106.90,0.80,3,1,1
570,1,1488.51,188.86,231.29,372.47,0.87,3,1,1
570,2,1843.83,490.47,144.93,106.88,0.80,3,1,1
571,1,1488.33,189.34,230.91,373.18,0.87,3,1,1
571,2,1844.05,490.44,145.24,106.79,0.80,3,1,1
572,1,1488.74,189.92,231.00,374.14,0.87,3,1,1
572,2,1844.44,490.02,144.55,107.50,0.79,3,1,1
573,1,1488.16,189.41,232.13,372.80,0.87,3,1,1
573,2,1844.16,490.27,144.78,107.40,0.79,3,1,1
574,1,1488.86,190.36,236.89,375.91,0.87,3,1,1
574,2,1844.26,489.15,144.37,108.93,0.79,3,1,1
575,1,1489.29,190.44,236.18,376.00,0.87,3,1,1
575,2,1844.06,489.08,144.55,108.01,0.79,3,1,1
576,1,1488.91,191.36,234.84,378.11,0.88,3,1,1
576,2,1843.86,490.23,146.78,108.94,0.78,3,1,1
577,1,1490.58,191.01,233.86,377.41,0.88,3,1,1
577,2,1844.22,491.10,146.19,107.64,0.79,3,1,1
578,1,1490.95,191.23,233.68,377.80,0.87,3,1,1
578,2,1844.17,491.56,146.49,108.37,0.79,3,1,1
579,1,1489.89,190.76,235.63,376.73,0.88,3,1,1
579,2,1844.68,491.83,146.28,108.60,0.79,3,1,1
580,1,1490.69,190.82,235.61,377.21,0.88,3,1,1
580,2,1844.42,492.31,145.78,108.43,0.80,3,1,1
581,1,1490.21,191.02,235.11,378.11,0.88,3,1,1
581,2,1844.24,492.15,145.52,107.81,0.81,3,1,1
582,1,1490.01,191.09,235.65,378.40,0.88,3,1,1
582,2,1843.97,492.71,144.21,108.12,0.81,3,1,1
583,1,1489.60,191.05,236.19,378.46,0.88,3,1,1
583,2,1844.29,492.96,143.78,108.14,0.81,3,1,1
584,1,1489.87,191.57,235.16,379.42,0.88,3,1,1
584,2,1844.14,493.45,144.44,108.18,0.80,3,1,1
585,1,1489.63,191.43,236.68,379.38,0.88,3,1,1
585,2,1844.08,493.16,143.87,108.60,0.80,3,1,1
586,1,1490.18,191.19,234.84,378.91,0.88,3,1,1
586,2,1843.74,493.57,145.75,109.69,0.79,3,1,1
587,1,1490.19,191.35,234.60,378.97,0.88,3,1,1
587,2,1843.76,493.92,145.84,109.71,0.79,3,1,1
588,1,1491.09,190.98,235.31,378.93,0.88,3,1,1
588,2,1842.92,494.00,145.85,109.09,0.79,3,1,1
589,1,1491.34,189.99,234.06,376.74,0.88,3,1,1
589,2,1843.03,494.64,146.63,108.00,0.80,3,1,1
590,1,1490.89,189.30,233.74,375.22,0.88,3,1,1
590,2,1842.87,495.01,146.45,107.95,0.80,3,1,1
591,1,1489.91,189.59,233.40,375.60,0.88,3,1,1
591,2,1842.25,495.12,148.76,109.11,0.79,3,1,1
592,1,1489.50,189.56,233.00,374.93,0.88,3,1,1
592,2,1842.71,495.03,147.25,109.19,0.79,3,1,1
593,1,1489.93,189.85,231.41,375.39,0.88,3,1,1
593,2,1842.87,494.98,146.68,109.43,0.80,3,1,1
594,1,1489.05,190.01,232.39,376.07,0.88,3,1,1
594,2,1842.84,494.48,146.94,109.81,0.80,3,1,1
595,1,1489.47,189.84,231.78,374.92,0.87,3,1,1
595,2,1843.20,494.65,146.04,109.56,0.80,3,1,1
596,1,1490.11,189.22,230.49,373.97,0.87,3,1,1
596,2,1843.18,494.59,146.44,109.33,0.79,3,1,1
597,1,1489.97,190.46,230.78,376.24,0.88,3,1,1
597,2,1842.53,494.40,147.40,108.97,0.79,3,1,1
598,1,1489.85,190.07,229.53,375.01,0.88,3,1,1
598,2,1842.58,494.04,146.50,109.45,0.80,3,1,1
599,1,1490.88,190.62,228.36,376.98,0.87,3,1,1
599,2,1844.60,493.85,144.62,108.84,0.80,3,1,1
600,1,1490.75,190.97,225.57,377.36,0.87,3,1,1
600,2,1844.52,494.47,143.82,109.91,0.80,3,1,1
601,1,1489.77,191.49,225.39,378.49,0.87,3,1,1
601,2,1844.71,493.82,143.67,107.47,0.81,3,1,1
602,1,1489.99,190.91,225.84,376.87,0.87,3,1,1
602,2,1844.61,493.84,143.42,107.13,0.81,3,1,1
603,1,1489.64,190.94,225.99,376.86,0.87,3,1,1
603,2,1844.50,493.72,143.66,107.18,0.81,3,1,1
604,1,1490.06,190.05,225.05,375.53,0.87,3,1,1
604,2,1844.88,493.56,143.46,107.23,0.80,3,1,1
605,1,1489.49,190.04,227.82,375.18,0.87,3,1,1
605,2,1844.63,493.71,144.35,106.91,0.80,3,1,1
606,1,1489.13,190.08,228.44,375.13,0.87,3,1,1
606,2,1845.08,493.82,144.08,107.15,0.80,3,1,1
607,1,1491.50,189.89,223.47,374.32,0.87,3,1,1
607,2,1845.01,493.66,144.29,107.71,0.80,3,1,1
608,1,1490.77,190.83,226.80,375.87,0.87,3,1,1
608,2,1844.79,494.03,143.64,108.01,0.80,3,1,1
609,1,1490.37,190.22,226.57,374.66,0.87,3,1,1
609,2,1844.52,494.14,144.52,107.75,0.81,3,1,1
610,1,1492.09,190.06,221.69,373.47,0.87,3,1,1
610,2,1844.24,493.69,145.28,107.59,0.80,3,1,1
611,1,1492.15,190.18,221.69,373.38,0.87,3,1,1
611,2,1843.39,494.32,147.25,108.69,0.79,3,1,1
612,1,1491.59,191.35,222.26,375.83,0.87,3,1,1
612,2,1843.29,494.27,146.69,108.29,0.80,3,1,1
613,1,1491.41,191.05,222.64,375.15,0.86,3,1,1
613,2,1843.60,495.42,146.48,107.74,0.80,3,1,1
614,1,1491.37,191.36,224.80,376.06,0.87,3,1,1
614,2,1843.77,495.74,145.06,106.85,0.80,3,1,1
615,1,1491.19,191.51,224.61,376.46,0.87,3,1,1
615,2,1843.93,496.52,145.49,107.43,0.81,3,1,1
616,1,1489.87,190.71,227.13,375.16,0.86,3,1,1
616,2,1843.51,496.73,145.35,107.96,0.81,3,1,1
617,1,1488.98,191.67,231.20,377.45,0.86,3,1,1
617,2,1843.31,496.81,146.33,106.73,0.81,3,1,1
618,1,1489.41,191.32,230.23,376.84,0.86,3,1,1
618,2,1843.25,496.53,145.59,106.10,0.82,3,1,1
619,1,1488.92,191.61,232.92,377.46,0.86,3,1,1
619,2,1844.20,496.38,144.69,105.94,0.81,3,1,1
620,1,1488.94,192.11,232.52,378.59,0.86,3,1,1
620,2,1843.95,496.68,143.64,105.88,0.81,3,1,1
621,1,1488.60,192.25,232.05,379.23,0.86,3,1,1
621,2,1843.52,497.21,143.20,106.34,0.82,3,1,1
622,1,1487.92,191.62,230.67,377.84,0.87,3,1,1
622,2,1843.41,497.24,144.87,106.50,0.81,3,1,1
623,1,1487.86,192.13,231.94,378.80,0.87,3,1,1
623,2,1842.94,497.73,145.19,106.62,0.81,3,1,1
624,1,1486.98,191.07,233.00,375.83,0.86,3,1,1
624,2,1843.47,497.00,144.44,105.93,0.80,3,1,1
625,1,1487.01,191.35,232.39,376.13,0.87,3,1,1
625,2,1842.93,497.54,146.38,106.86,0.81,3,1,1
626,1,1487.71,191.22,233.35,376.26,0.87,3,1,1
626,2,1840.93,496.48,149.45,106.61,0.81,3,1,1
627,1,1488.68,190.85,234.66,376.40,0.87,3,1,1
627,2,1842.71,496.63,146.96,107.43,0.81,3,1,1
628,1,1488.56,191.16,234.67,377.12,0.86,3,1,1
628,2,1842.67,496.74,147.75,107.69,0.81,3,1,1
629,1,1489.16,191.87,233.54,378.21,0.87,3,1,1
629,2,1842.26,496.17,147.64,107.44,0.80,3,1,1
630,1,1489.04,191.29,234.38,378.01,0.86,3,1,1
630,2,1842.55,496.26,147.44,108.20,0.81,3,1,1
631,1,1487.96,190.91,237.57,377.32,0.86,3,1,1
631,2,1842.11,496.26,146.64,107.85,0.81,3,1,1
632,1,1489.46,192.60,234.87,380.10,0.86,3,1,1
632,2,1842.80,496.66,145.92,108.35,0.81,3,1,1
633,1,1489.55,192.46,237.33,380.18,0.86,3,1,1
633,2,1842.96,496.73,145.55,107.90,0.80,3,1,1
634,1,1488.72,192.25,234.90,379.81,0.86,3,1,1
634,2,1843.24,496.63,145.26,107.97,0.80,3,1,1
635,1,1488.82,192.49,232.91,380.32,0.86,3,1,1
635,2,1843.17,496.49,145.37,108.88,0.80,3,1,1
636,1,1487.82,192.11,232.79,379.39,0.86,3,1,1
636,2,1844.44,496.00,144.20,107.11,0.80,3,1,1
637,1,1488.37,191.69,232.44,378.59,0.86,3,1,1
637,2,1844.03,495.69,146.55,105.97,0.80,3,1,1
638,1,1489.23,191.29,233.06,378.21,0.86,3,1,1
638,2,1843.99,494.84,146.64,105.82,0.81,3,1,1
639,1,1489.42,191.16,234.46,377.95,0.86,3,1,1
639,2,1845.38,493.20,144.72,109.51,0.79,3,1,1
640,1,1489.08,190.43,235.18,376.65,0.87,3,1,1
640,2,1847.15,491.70,142.45,111.08,0.77,3,1,1
641,1,1491.32,190.34,234.49,376.74,0.87,3,1,1
641,2,1846.26,491.56,144.02,111.48,0.80,3,1,1
642,1,1490.95,190.30,234.87,376.75,0.87,3,1,1
642,2,1846.74,490.65,143.67,108.76,0.79,3,1,1
643,1,1492.49,190.30,239.20,376.93,0.87,3,1,1
643,2,1846.24,490.02,145.53,108.57,0.78,3,1,1
644,1,1493.75,191.53,241.02,379.52,0.85,3,1,1
644,2,1849.59,489.28,139.97,106.86,0.78,3,1,1
645,1,1493.88,191.32,237.06,378.91,0.86,3,1,1
645,2,1853.79,488.69,131.79,104.82,0.78,3,1,1
646,1,1493.35,191.55,239.77,379.06,0.86,3,1,1
646,2,1853.21,488.40,133.28,106.16,0.79,3,1,1
647,1,1491.89,192.53,241.11,380.81,0.86,3,1,1
647,2,1850.34,486.43,138.53,105.22,0.78,3,1,1
648,1,1483.61,189.89,248.40,374.23,0.86,3,1,1
648,2,1841.51,483.99,146.06,108.87,0.79,3,1,1
649,1,1463.07,185.75,271.92,365.21,0.87,3,1,1
649,2,1835.74,481.14,153.45,114.32,0.80,3,1,1
650,1,1451.41,184.76,263.25,367.27,0.86,3,1,1
650,2,1820.14,475.66,157.16,115.68,0.76,3,1,1
651,1,1438.36,181.98,261.57,358.87,0.87,3,1,1
651,2,1803.15,469.22,145.87,110.06,0.77,3,1,1
652,1,1421.70,181.52,259.85,358.65,0.86,3,1,1
652,2,1792.32,457.89,145.71,104.63,0.78,3,1,1
653,1,1402.76,180.36,272.58,358.70,0.85,3,1,1
653,2,1781.15,452.20,154.04,107.87,0.79,3,1,1
654,1,1387.78,179.22,277.16,355.05,0.87,3,1,1
654,2,1768.41,447.60,151.76,103.14,0.79,3,1,1
655,1,1383.71,179.64,270.43,355.14,0.87,3,1,1
655,2,1760.64,444.61,157.27,103.63,0.79,3,1,1
656,1,1372.33,179.77,269.88,356.90,0.86,3,1,1
656,2,1752.88,443.62,160.97,107.52,0.80,3,1,1
657,1,1362.23,179.88,263.19,357.51,0.87,3,1,1
657,2,1742.82,442.84,161.37,107.34,0.79,3,1,1
658,1,1342.21,179.56,264.89,356.71,0.86,3,1,1
658,2,1731.67,440.41,162.65,102.83,0.77,3,1,1
659,1,1335.58,181.08,267.20,359.94,0.86,3,1,1
659,2,1723.13,441.44,168.57,102.22,0.82,3,1,1
660,1,1324.65,183.93,266.31,366.45,0.85,3,1,1
660,2,1709.81,442.01,164.07,98.69,0.79,3,1,1
661,1,1318.66,185.14,255.70,367.00,0.86,3,1,1
661,2,1702.57,444.68,164.70,100.71,0.79,3,1,1
662,1,1310.10,184.92,254.45,365.87,0.85,3,1,1
662,2,1692.58,445.71,163.90,97.06,0.80,3,1,1
663,1,1302.24,185.27,255.02,367.06,0.85,3,1,1
663,2,1686.47,446.08,164.27,93.67,0.78,3,1,1
664,1,1292.09,184.24,256.33,362.17,0.86,3,1,1
664,2,1673.99,447.92,153.32,95.76,0.79,3,1,1
665,1,1287.34,185.89,254.66,367.67,0.87,3,1,1
665,2,1671.65,449.29,159.43,100.64,0.81,3,1,1
666,1,1282.65,187.95,252.10,372.26,0.87,3,1,1
666,2,1665.46,452.14,154.75,99.60,0.82,3,1,1
667,1,1280.50,193.80,246.82,381.52,0.86,3,1,1
667,2,1663.18,469.02,148.51,96.03,0.82,3,1,1
668,1,1280.41,195.36,247.77,385.61,0.87,3,1,1
668,2,1667.49,474.73,147.20,93.17,0.82,3,1,1
669,1,1281.02,194.91,248.96,384.22,0.87,3,1,1
669,2,1666.62,474.86,146.02,92.82,0.82,3,1,1
670,1,1282.77,196.75,246.80,387.78,0.86,3,1,1
670,2,1671.34,484.37,141.24,91.43,0.81,3,1,1
671,1,1287.22,197.99,248.73,392.27,0.85,3,1,1
671,2,1675.22,491.88,141.33,94.93,0.81,3,1,1
672,1,1298.95,199.36,252.11,395.62,0.87,3,1,1
672,2,1682.60,498.07,140.33,92.89,0.84,3,1,1
673,1,1306.53,201.51,253.23,399.81,0.87,3,1,1
673,2,1689.73,506.83,139.58,92.17,0.85,3,1,1
674,1,1319.37,204.11,252.90,402.51,0.86,3,1,1
674,2,1692.76,516.12,135.64,93.08,0.83,3,1,1
675,1,1320.85,209.23,259.19,412.66,0.87,3,1,1
675,2,1700.16,523.42,139.49,94.37,0.82,3,1,1
676,1,1324.46,210.86,271.06,412.61,0.87,3,1,1
676,2,1706.00,534.19,133.29,90.72,0.81,3,1,1
677,1,1333.75,215.43,275.81,421.57,0.86,3,1,1
677,2,1715.47,540.57,137.68,86.23,0.81,3,1,1
678,1,1346.52,216.34,270.78,421.18,0.85,3,1,1
678,2,1721.87,549.19,131.53,85.22,0.83,3,1,1
679,1,1359.89,218.30,264.24,427.57,0.86,3,1,1
679,2,1729.87,556.38,129.88,92.82,0.85,3,1,1
680,1,1366.41,222.58,275.17,438.88,0.87,3,1,1
680,2,1735.39,565.21,132.74,90.84,0.83,3,1,1
681,1,1387.21,226.30,249.51,444.45,0.84,3,1,1
681,2,1745.79,573.79,132.01,88.01,0.83,3,1,1
682,2,1754.12,583.48,128.94,89.06,0.82,3,1,1
682,1,1396.21,227.27,264.09,448.65,0.80,3,1,1
683,1,1403.47,230.48,267.47,451.88,0.87,3,1,1
683,2,1759.28,591.16,128.98,88.44,0.83,3,1,1
684,1,1407.30,231.76,274.71,456.84,0.86,3,1,1
684,2,1765.70,599.81,124.64,84.30,0.82,3,1,1
685,2,1774.90,606.39,122.99,87.04,0.84,3,1,1
685,1,1408.55,236.05,287.04,467.48,0.83,3,1,1
686,1,1415.71,238.95,302.86,474.88,0.84,3,1,1
686,2,1782.76,615.34,123.85,90.65,0.83,3,1,1
687,1,1436.56,242.75,285.92,480.81,0.82,3,1,1
687,2,1791.18,624.20,124.06,82.28,0.81,3,1,1
688,1,1454.62,246.04,258.69,483.99,0.81,3,1,1
688,2,1798.15,631.29,120.86,85.54,0.81,3,1,1
689,1,1467.22,252.24,263.53,498.58,0.85,3,1,1
689,2,1807.46,636.49,117.85,86.17,0.83,3,1,1
690,2,1815.09,644.55,120.27,80.43,0.81,3,1,1
690,1,1478.51,251.49,260.73,499.39,0.80,3,1,1
691,1,1477.46,256.99,268.66,506.91,0.84,3,1,1
691,2,1824.68,650.62,121.28,90.93,0.81,3,1,1
692,1,1483.78,257.05,304.93,505.21,0.84,3,1,1
692,2,1830.22,657.71,116.51,85.46,0.80,3,1,1
693,1,1481.63,262.13,323.53,508.75,0.80,3,1,1
693,2,1840.36,662.42,119.19,85.68,0.78,3,1,1
694,1,1515.08,261.93,270.51,514.38,0.79,3,1,1
694,2,1851.06,668.75,113.46,88.86,0.77,3,1,1
695,1,1497.39,270.42,340.70,526.39,0.79,3,1,1
695,2,1858.02,677.97,115.47,94.28,0.78,3,1,1
696,2,1863.84,680.44,111.20,85.82,0.77,3,1,1
696,1,1500.69,270.44,320.97,520.22,0.72,3,1,1
697,1,1558.54,272.49,245.03,539.36,0.81,3,1,1
697,2,1868.51,685.52,102.95,91.45,0.75,3,1,1
698,1,1570.25,270.26,245.63,534.01,0.82,3,1,1
698,2,1872.30,694.16,94.42,85.84,0.73,3,1,1
699,1,1576.41,269.41,247.98,534.87,0.78,3,1,1
699,2,1871.13,703.35,97.73,103.08,0.61,3,1,1
700,1,1587.10,271.50,249.08,532.90,0.81,3,1,1
700,2,1884.18,705.36,71.64,94.84,0.55,3,1,1
701,1,1596.92,273.79,241.31,534.93,0.82,3,1,1
701,2,1859.92,713.48,120.05,107.43,0.50,3,1,1
702,1,1600.98,274.75,254.35,535.40,0.87,3,1,1
702,2,1888.01,717.67,63.99,102.36,0.53,3,1,1
703,1,1607.99,276.63,252.09,542.02,0.86,3,1,1
703,2,1895.72,717.16,48.56,99.45,0.40,3,1,1
704,1,1597.94,291.23,290.70,555.87,0.74,3,1,1
704,2,1901.21,720.46,37.57,97.83,0.48,3,1,1
705,1,1625.08,291.79,255.99,555.22,0.76,3,1,1
705,2,1900.88,720.08,38.24,101.47,0.44,3,1,1
706,1,1638.12,288.51,235.94,555.17,0.84,3,1,1
707,1,1636.96,285.31,242.25,542.66,0.89,3,1,1
708,1,1650.43,286.60,246.71,544.65,0.87,3,1,1
709,1,1660.64,284.31,258.14,548.07,0.86,3,1,1
710,1,1664.01,289.71,270.97,545.00,0.83,3,1,1
711,1,1667.78,291.44,275.98,547.56,0.86,3,1,1
712,1,1667.38,289.01,265.39,561.15,0.83,3,1,1
713,1,1678.34,291.45,258.59,555.90,0.87,3,1,1
714,1,1684.81,291.52,260.48,553.03,0.88,3,1,1
715,1,1688.71,290.44,253.29,551.15,0.87,3,1,1
716,1,1703.82,291.62,232.94,548.76,0.82,3,1,1
717,1,1703.58,293.07,259.95,547.29,0.85,3,1,1
718,1,1705.72,294.93,271.21,548.80,0.84,3,1,1
719,1,1711.62,295.46,257.99,553.93,0.82,3,1,1
720,1,1725.68,295.62,251.39,557.16,0.87,3,1,1
721,1,1723.67,295.96,252.01,562.33,0.85,3,1,1
722,1,1735.41,298.41,253.66,565.51,0.88,3,1,1
723,1,1740.92,299.05,243.70,561.92,0.87,3,1,1
724,1,1747.40,305.57,246.03,567.43,0.83,3,1,1
725,1,1748.03,307.86,247.65,571.26,0.82,3,1,1
726,1,1758.22,304.37,245.52,579.41,0.80,3,1,1
727,1,1760.82,304.94,241.67,582.62,0.78,3,1,1
728,1,1768.53,307.17,254.92,593.85,0.76,3,1,1
729,1,1772.63,314.34,255.52,593.35,0.74,3,1,1
729,3,1464.27,600.93,186.71,177.27,0.40,2,1,1
730,1,1775.11,321.10,258.94,605.69,0.71,3,1,1
730,3,1467.79,604.10,195.25,185.35,0.52,2,1,1
731,1,1775.08,325.92,268.62,613.71,0.71,3,1,1
731,3,1474.93,612.37,198.62,183.14,0.45,2,1,1
732,1,1785.61,338.88,264.31,612.76,0.69,3,1,1
732,3,1483.92,619.58,207.05,187.25,0.47,2,1,1
733,1,1785.66,341.88,267.98,618.27,0.66,3,1,1
733,3,1495.54,630.44,198.68,184.02,0.47,2,1,1
734,1,1790.40,365.47,259.20,607.23,0.50,3,1,1
737,3,1545.92,666.04,186.97,174.08,0.53,2,1,1
741,1,1814.04,370.36,211.91,718.74,0.67,3,1,1
742,1,1782.22,366.16,275.57,727.84,0.66,3,1,1
743,1,1788.40,367.89,263.19,719.71,0.66,3,1,1
743,3,27.56,478.25,55.11,62.33,0.45,2,1,1
744,1,1796.23,365.99,247.53,717.56,0.71,3,1,1
744,3,1583.08,693.70,181.48,173.31,0.47,2,1,1
745,1,1804.56,365.15,230.87,711.72,0.71,3,1,1
745,3,1582.62,697.61,178.37,163.76,0.53,2,1,1
746,1,1804.94,368.71,230.12,713.85,0.69,3,1,1
746,3,1579.29,698.64,177.98,160.99,0.62,2,1,1
747,1,1822.47,367.69,195.07,712.79,0.74,3,1,1
747,3,1571.80,699.57,182.82,159.53,0.56,2,1,1
748,3,1565.90,698.83,187.27,159.55,0.75,2,1,1
748,1,1777.06,366.81,285.88,717.50,0.61,3,1,1
749,3,1561.06,697.77,185.09,158.21,0.75,2,1,1
749,1,1777.62,364.78,284.75,708.15,0.63,3,1,1
750,3,1555.69,695.72,183.51,159.08,0.76,2,1,1
750,1,1814.98,373.00,210.03,696.88,0.71,3,1,1
751,1,1822.94,363.94,194.12,706.78,0.74,3,1,1
751,3,1552.82,696.93,181.64,152.20,0.72,2,1,1
752,1,1819.47,365.32,201.07,697.06,0.77,3,1,1
752,3,1540.90,692.15,183.93,153.82,0.51,2,1,1
753,1,1812.48,358.66,215.03,692.52,0.68,3,1,1
753,3,1535.76,691.06,181.12,150.04,0.45,2,1,1
754,1,1779.00,358.01,282.01,689.21,0.61,3,1,1
754,3,1526.11,685.17,188.59,156.71,0.61,2,1,1
755,3,1519.59,680.63,193.09,160.18,0.61,2,1,1
755,1,1812.09,368.80,215.83,652.65,0.61,3,1,1
756,1,1808.52,357.13,222.94,639.21,0.74,3,1,1
756,3,1513.41,679.28,193.06,157.25,0.69,2,1,1
757,1,1805.89,349.21,228.09,633.17,0.77,3,1,1
757,3,1501.87,676.24,190.62,156.04,0.72,2,1,1
758,1,1799.35,347.82,241.26,650.50,0.77,3,1,1
758,3,1497.47,673.05,190.42,161.73,0.55,2,1,1
759,1,1794.32,339.01,251.34,642.74,0.77,3,1,1
760,1,1795.10,337.53,249.37,641.92,0.79,3,1,1
761,1,1769.48,330.13,301.05,649.04,0.83,3,1,1
762,1,1791.53,331.60,256.87,635.27,0.81,3,1,1
763,1,1792.31,331.61,254.14,632.40,0.84,3,1,1
764,1,1787.36,330.46,265.11,630.73,0.84,3,1,1
765,1,1787.07,328.22,265.35,631.56,0.85,3,1,1
766,1,1782.69,329.14,271.38,633.70,0.87,3,1,1
767,1,1770.73,327.04,287.71,630.17,0.84,3,1,1
768,1,1767.65,322.50,279.19,616.70,0.84,3,1,1
769,1,1764.74,321.05,279.00,611.41,0.82,3,1,1
770,1,1756.08,322.65,276.81,597.38,0.78,3,1,1
771,1,1753.69,323.10,278.40,602.16,0.76,3,1,1
772,1,1741.06,318.79,269.99,599.38,0.81,3,1,1
773,1,1727.12,318.42,278.05,594.65,0.83,3,1,1
774,1,1721.43,316.45,262.55,592.74,0.86,3,1,1
775,1,1714.35,318.35,265.36,592.62,0.85,3,1,1
776,1,1712.36,318.43,263.09,592.37,0.85,3,1,1
777,1,1706.22,316.13,266.85,588.59,0.85,3,1,1
778,1,1702.73,311.04,263.31,578.82,0.84,3,1,1
779,1,1694.16,313.05,255.20,584.12,0.85,3,1,1
780,1,1690.00,312.01,256.49,583.27,0.85,3,1,1
781,1,1685.90,311.21,258.24,585.09,0.85,3,1,1
782,1,1681.69,310.80,261.11,585.32,0.85,3,1,1
783,1,1676.17,307.90,264.45,578.99,0.85,3,1,1
784,1,1669.90,308.52,274.45,575.76,0.86,3,1,1
785,1,1665.92,306.97,270.44,574.45,0.86,3,1,1
786,1,1661.87,304.81,263.58,571.95,0.87,3,1,1
787,1,1656.77,305.65,272.45,579.77,0.86,3,1,1
788,1,1651.09,303.14,264.81,575.79,0.86,3,1,1
789,1,1644.80,302.34,267.51,575.07,0.86,3,1,1
790,1,1638.75,303.41,263.05,573.94,0.86,3,1,1
791,1,1636.29,298.39,262.01,563.01,0.90,3,1,1
792,1,1634.55,299.43,265.34,564.93,0.89,3,1,1
793,1,1632.36,301.68,262.12,562.95,0.88,3,1,1
794,1,1628.10,298.50,268.03,565.00,0.87,3,1,1
795,1,1623.52,298.86,268.65,567.71,0.87,3,1,1
796,1,1621.23,299.50,266.32,566.57,0.87,3,1,1
797,1,1616.42,295.72,259.45,562.74,0.87,3,1,1
798,1,1613.57,296.16,264.13,557.58,0.89,3,1,1
799,1,1608.69,296.03,260.55,563.04,0.88,3,1,1
799,2,1899.94,731.39,40.11,91.83,0.46,3,1,1
800,1,1605.19,295.85,260.15,562.07,0.88,3,1,1
800,2,1899.92,729.91,40.16,94.49,0.49,3,1,1
801,1,1597.77,295.27,262.75,562.87,0.89,3,1,1
801,2,1895.40,728.06,49.20,94.37,0.57,3,1,1
802,1,1593.73,291.70,261.40,562.96,0.89,3,1,1
802,2,1892.76,728.78,54.47,93.20,0.60,3,1,1
803,1,1587.66,294.03,267.47,562.24,0.88,3,1,1
803,2,1893.61,728.48,52.77,97.20,0.61,3,1,1
804,1,1582.64,297.26,261.76,558.58,0.88,3,1,1
804,2,1894.23,728.65,51.54,100.00,0.62,3,1,1
805,1,1577.83,295.50,264.54,561.31,0.85,3,1,1
805,2,1894.72,727.03,50.56,96.85,0.66,3,1,1
806,1,1574.57,294.44,265.06,566.23,0.85,3,1,1
806,2,1891.10,729.38,57.79,104.06,0.65,3,1,1
807,1,1570.25,301.58,265.86,571.25,0.86,3,1,1
807,2,1886.67,729.39,66.67,104.85,0.66,3,1,1
808,1,1564.47,301.81,264.16,572.92,0.87,3,1,1
808,2,1884.07,732.28,71.85,110.19,0.67,3,1,1
809,1,1561.54,304.36,262.44,572.35,0.87,3,1,1
809,2,1881.79,732.99,76.42,116.70,0.68,3,1,1
810,1,1551.87,306.28,261.29,581.31,0.87,3,1,1
810,2,1880.42,734.10,79.16,118.21,0.67,3,1,1
811,1,1546.38,309.36,253.22,590.79,0.86,3,1,1
811,2,1877.91,737.41,84.19,126.60,0.67,3,1,1
812,1,1539.63,314.11,260.24,600.71,0.87,3,1,1
812,2,1874.67,740.71,90.50,123.33,0.69,3,1,1
813,1,1532.90,316.85,259.59,605.67,0.88,3,1,1
813,2,1870.89,742.95,97.21,123.64,0.75,3,1,1
813,3,1137.54,625.21,149.46,165.42,0.75,2,1,1
814,1,1525.13,321.05,260.64,605.51,0.87,3,1,1
814,2,1869.12,747.57,100.57,124.20,0.77,3,1,1
815,1,1520.75,323.28,263.85,605.77,0.88,3,1,1
815,2,1865.96,752.94,107.63,122.26,0.80,3,1,1
816,1,1515.57,327.10,259.38,616.09,0.88,3,1,1
816,2,1861.64,761.01,116.33,116.10,0.83,3,1,1
817,1,1508.65,329.73,259.88,618.40,0.87,3,1,1
817,2,1859.64,767.40,120.72,115.52,0.84,3,1,1
817,3,1103.94,644.23,153.07,171.45,0.54,2,1,1
818,1,1501.48,329.83,261.46,616.06,0.87,3,1,1
818,2,1855.00,770.08,130.00,113.90,0.83,3,1,1
818,3,1094.54,649.93,153.56,170.36,0.72,2,1,1
819,1,1492.31,330.05,259.77,614.64,0.87,3,1,1
819,2,1849.94,775.66,139.97,115.00,0.83,3,1,1
820,1,1480.40,329.40,263.41,609.20,0.86,3,1,1
820,2,1846.13,779.74,146.76,113.83,0.83,3,1,1
820,3,1073.56,660.76,157.24,167.52,0.58,2,1,1
821,1,1475.12,333.47,261.63,618.33,0.87,3,1,1
821,2,1840.34,783.72,150.83,114.44,0.84,3,1,1
822,1,1465.90,333.79,260.88,622.03,0.88,3,1,1
822,2,1834.63,788.36,155.92,115.79,0.84,3,1,1
823,1,1455.22,337.73,259.32,627.56,0.87,3,1,1
823,2,1828.33,792.30,154.77,114.39,0.82,3,1,1
823,3,1047.54,674.72,148.67,167.36,0.77,2,1,1
824,1,1451.80,334.08,249.80,620.54,0.86,3,1,1
824,2,1818.91,795.76,157.75,117.38,0.81,3,1,1
824,3,1040.23,678.01,147.06,174.07,0.53,2,1,1
825,1,1441.70,330.57,259.42,609.56,0.86,3,1,1
825,2,1813.26,799.15,153.70,116.47,0.82,3,1,1
825,3,1026.99,683.86,149.02,170.66,0.82,2,1,1
826,1,1433.10,344.75,259.34,639.03,0.88,3,1,1
826,3,1018.27,688.30,148.98,169.34,0.85,2,1,1
826,2,1804.12,802.40,150.23,114.64,0.83,3,1,1
827,1,1431.17,341.67,258.94,635.04,0.87,3,1,1
827,3,1010.63,693.65,147.20,169.49,0.85,2,1,1
827,2,1798.32,807.56,155.43,116.55,0.84,3,1,1
828,1,1424.79,347.92,256.70,647.97,0.87,3,1,1
828,2,1791.20,811.38,157.63,118.23,0.84,3,1,1
828,3,999.76,697.36,149.84,170.91,0.76,2,1,1
829,1,1417.99,345.76,251.68,658.16,0.86,3,1,1
829,2,1784.83,814.28,158.85,118.92,0.83,3,1,1
829,3,991.62,701.46,145.44,169.43,0.77,2,1,1
830,1,1410.00,352.61,256.29,670.51,0.87,3,1,1
830,2,1775.87,817.41,159.22,119.62,0.83,3,1,1
830,3,986.18,708.26,141.10,160.46,0.53,2,1,1
831,1,1402.58,343.97,260.16,660.46,0.86,3,1,1
831,2,1771.69,818.92,168.51,120.80,0.83,3,1,1
832,1,1386.21,348.20,268.56,674.40,0.85,3,1,1
832,2,1757.89,822.61,157.79,119.19,0.82,3,1,1
832,3,963.52,711.42,144.37,167.27,0.76,2,1,1
833,1,1363.04,348.54,296.04,667.01,0.85,3,1,1
833,2,1748.09,825.60,154.17,120.62,0.81,3,1,1
834,1,1369.51,353.10,277.51,668.32,0.84,3,1,1
834,2,1740.50,827.74,154.44,119.73,0.83,3,1,1
835,1,1360.86,351.41,272.15,673.24,0.85,3,1,1
835,2,1733.33,829.46,155.64,120.01,0.85,3,1,1
836,1,1358.23,351.87,256.18,672.36,0.82,3,1,1
836,2,1722.19,830.83,157.29,117.69,0.82,3,1,1
837,2,1712.12,832.32,153.29,116.26,0.82,3,1,1
837,1,1349.31,350.59,263.93,679.36,0.79,3,1,1
838,1,1337.87,349.30,260.49,676.03,0.84,3,1,1
838,2,1700.54,832.81,152.84,119.22,0.83,3,1,1
839,1,1325.10,351.94,265.49,673.40,0.84,3,1,1
839,2,1690.66,834.08,155.50,117.77,0.83,3,1,1
840,1,1311.70,348.57,282.72,675.48,0.83,3,1,1
840,2,1682.98,835.17,155.65,116.53,0.83,3,1,1
841,1,1273.76,347.01,333.32,680.67,0.86,3,1,1
841,2,1671.64,835.49,159.18,119.92,0.85,3,1,1
842,1,1235.27,345.17,386.37,681.59,0.88,3,1,1
842,2,1660.94,835.43,158.11,118.62,0.83,3,1,1
843,1,1226.60,340.61,382.46,668.65,0.85,3,1,1
843,2,1650.73,835.73,159.10,121.27,0.83,3,1,1
844,1,1225.44,346.56,370.82,676.31,0.86,3,1,1
844,2,1644.20,837.06,160.51,118.93,0.84,3,1,1
845,1,1230.34,348.30,356.33,673.79,0.85,3,1,1
845,2,1639.95,837.26,159.67,118.75,0.85,3,1,1
846,1,1239.56,350.96,326.65,675.78,0.86,3,1,1
846,2,1637.90,837.83,161.69,118.84,0.85,3,1,1
847,1,1267.10,352.05,265.99,668.35,0.86,3,1,1
847,2,1637.81,837.53,161.72,117.66,0.84,3,1,1
848,1,1255.33,351.70,290.95,680.03,0.86,3,1,1
848,2,1636.93,838.26,162.90,117.73,0.85,3,1,1
849,1,1262.94,357.30,280.03,693.14,0.86,3,1,1
849,2,1636.57,840.39,160.98,122.08,0.82,3,1,1
849,3,829.58,710.53,134.06,167.95,0.65,2,1,1
850,1,1255.89,356.93,294.11,698.27,0.87,3,1,1
850,2,1635.75,841.01,160.95,120.72,0.83,3,1,1
850,3,830.25,709.34,134.71,165.98,0.60,2,1,1
851,1,1238.60,357.95,332.84,704.95,0.86,3,1,1
851,2,1636.33,842.30,161.86,121.88,0.84,3,1,1
851,3,832.61,706.68,136.18,168.33,0.61,2,1,1
852,1,1246.37,356.94,331.62,702.49,0.86,3,1,1
852,2,1637.55,843.51,161.56,120.62,0.83,3,1,1
852,3,843.45,707.19,126.44,165.93,0.52,2,1,1
853,1,1241.39,357.67,347.27,707.11,0.85,3,1,1
853,2,1639.57,845.01,159.86,122.61,0.84,3,1,1
854,1,1267.98,357.39,293.87,702.12,0.85,3,1,1
854,2,1642.04,845.41,158.73,121.82,0.83,3,1,1
855,1,1263.28,356.45,308.99,698.22,0.85,3,1,1
855,2,1645.14,846.00,158.94,122.68,0.83,3,1,1
856,1,1274.45,353.28,295.73,685.62,0.84,3,1,1
856,2,1649.02,846.90,159.71,122.16,0.83,3,1,1
857,1,1287.23,357.39,276.55,686.45,0.84,3,1,1
857,2,1651.96,845.71,159.95,121.85,0.82,3,1,1
858,1,1290.48,358.41,278.19,686.27,0.84,3,1,1
858,2,1655.57,843.56,162.22,120.48,0.82,3,1,1
859,1,1296.86,352.58,278.72,682.07,0.85,3,1,1
859,2,1660.57,844.11,166.03,125.21,0.82,3,1,1
860,1,1308.22,356.11,263.01,677.57,0.86,3,1,1
860,2,1668.05,843.36,157.79,124.20,0.82,3,1,1
861,1,1311.44,357.24,263.24,666.96,0.85,3,1,1
861,2,1674.30,841.03,156.05,124.03,0.82,3,1,1
862,1,1321.28,359.45,253.82,664.22,0.86,3,1,1
862,2,1678.42,840.32,154.77,124.77,0.83,3,1,1
863,1,1329.76,360.45,254.75,663.67,0.86,3,1,1
863,2,1684.99,839.24,151.82,122.21,0.82,3,1,1
864,1,1335.69,358.01,245.84,666.28,0.85,3,1,1
864,2,1691.69,836.37,151.63,121.87,0.81,3,1,1
864,3,924.04,715.46,105.77,111.47,0.43,2,1,1
865,1,1343.03,353.92,246.75,665.36,0.84,3,1,1
865,2,1696.65,833.25,155.32,120.59,0.81,3,1,1
866,1,1350.85,351.42,242.56,668.78,0.83,3,1,1
866,2,1703.51,831.61,152.85,121.43,0.82,3,1,1
867,1,1357.25,353.12,244.44,668.66,0.85,3,1,1
867,2,1710.21,830.45,152.19,120.03,0.82,3,1,1
868,1,1360.25,350.39,242.77,664.32,0.86,3,1,1
868,2,1718.43,828.43,145.79,120.20,0.81,3,1,1
869,1,1367.89,352.98,251.05,664.05,0.87,3,1,1
869,2,1725.07,826.83,142.03,119.26,0.82,3,1,1
870,1,1371.35,355.73,254.19,659.36,0.88,3,1,1
870,2,1730.82,826.65,144.33,118.94,0.82,3,1,1
871,1,1382.93,351.96,255.91,665.44,0.86,3,1,1
871,2,1737.70,825.35,144.80,116.57,0.82,3,1,1
872,1,1388.42,350.23,253.25,658.60,0.86,3,1,1
872,2,1742.60,825.00,145.43,116.40,0.82,3,1,1
873,1,1386.24,346.39,270.06,666.76,0.86,3,1,1
873,2,1748.74,826.26,146.59,119.12,0.82,3,1,1
874,1,1397.34,348.09,255.26,661.93,0.84,3,1,1
874,2,1752.19,826.74,150.55,122.14,0.81,3,1,1
875,1,1404.57,346.70,255.07,662.62,0.85,3,1,1
875,2,1762.31,827.09,152.49,122.17,0.81,3,1,1
876,1,1413.92,350.73,257.94,672.33,0.86,3,1,1
876,2,1765.68,828.77,154.27,120.15,0.82,3,1,1
877,1,1412.26,350.45,275.03,676.30,0.84,3,1,1
877,2,1769.29,832.14,151.74,120.18,0.81,3,1,1
878,2,1773.68,833.02,159.48,120.93,0.84,3,1,1
878,1,1414.97,351.17,279.27,684.07,0.82,3,1,1
879,2,1778.41,834.29,160.00,116.59,0.81,3,1,1
879,1,1396.47,352.60,333.42,688.35,0.80,3,1,1
880,2,1793.94,837.01,138.35,111.97,0.81,3,1,1
880,1,1437.27,353.25,267.96,679.41,0.80,3,1,1
881,2,1796.72,842.40,141.01,113.52,0.82,3,1,1
881,1,1429.27,354.40,292.30,683.20,0.80,3,1,1
882,1,1404.29,356.27,351.47,692.24,0.84,3,1,1
882,2,1802.59,846.75,138.89,111.66,0.83,3,1,1
883,2,1808.85,850.04,135.46,112.05,0.84,3,1,1
883,1,1416.65,363.06,339.33,689.70,0.81,3,1,1
884,2,1811.92,854.72,134.52,109.69,0.86,3,1,1
884,1,1416.11,362.12,370.65,702.64,0.82,3,1,1
885,1,1417.65,362.51,380.46,718.14,0.88,3,1,1
885,2,1816.21,861.67,133.02,109.79,0.84,3,1,1
886,1,1423.15,361.04,378.22,713.00,0.86,3,1,1
886,2,1821.06,866.86,137.26,105.44,0.81,3,1,1
887,1,1431.24,363.07,376.62,716.18,0.86,3,1,1
887,2,1823.30,873.84,135.65,109.77,0.83,3,1,1
888,1,1435.55,367.04,375.56,721.35,0.84,3,1,1
888,2,1826.80,879.58,137.69,108.13,0.83,3,1,1
889,1,1442.46,368.73,375.32,728.24,0.85,3,1,1
889,2,1832.92,884.74,134.33,110.23,0.74,3,1,1
890,1,1444.01,370.35,374.19,732.62,0.84,3,1,1
890,2,1836.07,893.08,134.78,109.90,0.80,3,1,1
891,1,1463.26,382.76,340.97,720.18,0.82,3,1,1
891,2,1840.18,899.71,137.08,108.14,0.79,3,1,1
892,1,1465.61,375.51,340.65,737.71,0.85,3,1,1
892,2,1844.78,907.53,139.50,111.05,0.76,3,1,1
893,1,1467.31,383.15,351.27,761.22,0.87,3,1,1
893,2,1845.59,912.67,142.26,110.39,0.70,3,1,1
894,1,1476.07,386.92,342.34,768.25,0.88,3,1,1
894,2,1846.86,921.93,140.53,106.37,0.51,3,1,1
895,1,1482.46,388.31,345.81,769.66,0.89,3,1,1
895,2,1854.11,926.40,128.37,106.83,0.69,3,1,1
896,1,1487.99,392.27,347.06,775.25,0.89,3,1,1
896,2,1856.50,934.84,124.75,105.64,0.66,3,1,1
897,1,1491.32,396.27,343.56,780.20,0.88,3,1,1
897,2,1859.25,939.96,120.80,104.50,0.69,3,1,1
898,1,1499.41,402.42,345.95,787.76,0.86,3,1,1
898,2,1861.95,944.86,114.84,102.41,0.78,3,1,1
899,1,1506.46,404.28,355.40,792.65,0.87,3,1,1
899,2,1863.96,952.06,110.94,101.36,0.74,3,1,1
900,1,1511.10,409.75,352.53,796.44,0.84,3,1,1
900,2,1866.01,954.60,107.84,105.18,0.69,3,1,1
901,1,1515.33,419.34,346.38,793.13,0.83,3,1,1
901,2,1868.89,960.68,101.09,106.38,0.69,3,1,1
902,1,1520.94,416.17,350.28,788.84,0.82,3,1,1
902,2,1871.43,961.38,95.97,109.88,0.70,3,1,1
903,1,1527.95,428.44,356.92,776.50,0.83,3,1,1
903,2,1872.28,964.61,95.27,111.69,0.59,3,1,1
904,1,1543.28,437.57,326.41,774.03,0.72,3,1,1
904,2,1874.99,971.64,90.00,105.84,0.60,3,1,1
905,1,1553.35,444.89,329.01,766.01,0.76,3,1,1
905,2,1879.11,972.79,81.57,113.54,0.62,3,1,1
906,1,1553.78,444.40,343.21,772.27,0.78,3,1,1
906,2,1882.19,965.99,75.15,128.14,0.44,3,1,1
907,1,1566.67,469.89,326.46,731.87,0.76,3,1,1
907,2,1884.67,976.63,70.65,115.74,0.47,3,1,1
908,1,1576.30,455.32,320.31,761.71,0.81,3,1,1
908,2,1883.73,981.23,72.54,111.03,0.43,3,1,1
909,1,1578.70,448.94,327.96,776.73,0.83,3,1,1
909,2,1889.35,990.83,61.29,96.48,0.38,3,1,1
910,1,1584.94,457.12,324.75,767.34,0.79,3,1,1
911,1,1597.79,479.62,311.81,723.31,0.77,3,1,1
912,1,1617.43,487.95,289.31,719.77,0.77,3,1,1
912,4,1558.29,150.96,267.95,159.90,0.57,3,1,1
913,4,1562.92,154.48,266.00,160.56,0.80,3,1,1
913,1,1604.86,471.63,332.43,762.24,0.67,3,1,1
914,4,1577.21,153.55,276.11,155.42,0.79,3,1,1
914,1,1612.22,467.20,341.58,784.42,0.66,3,1,1
915,1,1621.66,468.73,350.35,784.48,0.78,3,1,1
915,4,1580.30,154.44,276.12,156.34,0.66,3,1,1
916,4,1588.00,156.97,279.22,162.12,0.49,3,1,1
917,1,1658.11,506.33,288.15,732.14,0.75,3,1,1
918,4,1606.79,165.33,275.22,166.39,0.64,3,1,1
918,1,1641.09,487.55,337.48,778.09,0.40,3,1,1
919,1,1687.00,498.87,262.16,748.25,0.77,3,1,1
919,4,1608.11,166.17,266.30,164.48,0.74,3,1,1
920,1,1691.30,563.86,262.56,607.75,0.83,3,1,1
920,4,1617.25,170.37,266.16,170.22,0.78,3,1,1
921,4,1631.32,170.20,272.02,172.24,0.77,3,1,1
921,1,1672.62,469.74,307.55,798.30,0.43,3,1,1
922,4,1632.78,171.11,269.00,168.45,0.81,3,1,1
922,1,1704.62,559.75,272.43,639.92,0.69,3,1,1
923,4,1642.41,171.37,266.34,168.90,0.68,3,1,1
923,1,1703.54,526.74,283.68,698.53,0.66,3,1,1
924,1,1704.36,474.47,292.93,800.90,0.72,3,1,1
924,4,1652.35,174.82,272.35,167.08,0.46,3,1,1
925,1,1708.99,522.35,289.22,702.43,0.73,3,1,1
925,4,1654.33,176.25,264.19,163.10,0.64,3,1,1
926,4,1663.97,179.31,260.84,164.83,0.78,3,1,1
926,1,1735.51,561.26,243.76,635.12,0.75,3,1,1
927,4,1671.13,182.55,260.45,164.50,0.79,3,1,1
927,1,1728.61,521.09,262.47,726.54,0.68,3,1,1
928,1,1710.45,481.89,315.10,809.78,0.79,3,1,1
928,4,1680.34,183.96,272.08,163.56,0.73,3,1,1
929,1,1741.79,503.64,269.59,764.44,0.75,3,1,1
929,4,1687.74,188.48,267.08,168.68,0.62,3,1,1
930,1,1751.96,562.92,279.12,660.53,0.77,3,1,1
931,1,1750.26,482.59,299.32,805.54,0.81,3,1,1
932,1,1742.76,494.18,326.96,797.67,0.81,3,1,1
933,1,1759.92,483.16,310.49,820.04,0.78,3,1,1
933,4,1713.58,207.45,252.35,171.50,0.59,3,1,1
934,1,1757.29,547.43,323.97,870.16,0.82,3,1,1
935,1,1762.58,496.51,313.15,820.55,0.81,3,1,1
936,1,1765.57,513.94,308.87,824.18,0.79,3,1,1
937,1,1768.55,515.43,302.90,828.19,0.79,3,1,1
938,1,1774.85,503.32,290.29,876.09,0.76,3,1,1
939,1,1775.04,541.23,289.91,857.01,0.72,3,1,1
940,1,1774.68,551.04,290.65,837.15,0.70,3,1,1
941,1,1783.01,539.60,273.98,804.06,0.67,3,1,1
942,1,1784.99,545.00,270.02,792.42,0.69,3,1,1
943,1,1785.09,573.55,269.82,843.03,0.70,3,1,1
944,1,1800.50,551.04,238.99,790.56,0.72,3,1,1
945,1,1801.97,577.76,236.06,835.24,0.63,3,1,1
946,1,1807.54,579.97,224.92,821.40,0.78,3,1,1
947,1,1807.82,592.59,224.36,848.64,0.78,3,1,1
948,1,1811.49,594.37,217.02,841.29,0.76,3,1,1
949,1,1819.22,620.44,201.56,866.87,0.68,3,1,1
950,1,1823.70,614.22,192.60,856.50,0.75,3,1,1
951,1,1828.01,627.21,183.98,861.22,0.55,3,1,1
952,1,1841.60,753.05,156.80,571.41,0.43,3,1,1
953,1,1842.01,753.14,155.97,574.43,0.48,3,1,1
957,1,1854.34,782.65,131.31,554.88,0.44,3,1,1
960,1,1846.16,653.29,147.67,853.42,0.40,3,1,1
963,1,1867.63,808.17,104.74,519.43,0.42,3,1,1
